"","MGI.ID","HGNC.ID","mp.description","GTEX.tissues","HPO.superclass.description","MP.Term","TS28.mutant.expression.detected","TPM >/= 0.1 TPM","TPM >/= 1 TPM"
"1","MGI:99480","HGNC:1833","adipose tissue phenotype","Adipose - Subcutaneous","Abnormality of connective tissue","increased brown adipose tissue amount","Yes","Yes","Yes"
"2","MGI:1352467","HGNC:3467","adipose tissue phenotype","Adipose - Subcutaneous","Abnormality of connective tissue","increased mammary fat pad weight","Yes","Yes","Yes"
"3","MGI:99480","HGNC:1833","adipose tissue phenotype","Adipose - Subcutaneous","Abnormality of connective tissue","decreased brown adipose tissue amount","Yes","Yes","Yes"
"4","MGI:99480","HGNC:1833","adipose tissue phenotype","Adipose - Visceral (Omentum)","Abnormality of connective tissue","abnormal brown adipose tissue morphology","Yes","Yes","Yes"
"5","MGI:99480","HGNC:1833","adipose tissue phenotype","Adipose - Subcutaneous","Abnormality of connective tissue","abnormal brown adipose tissue morphology","Yes","Yes","Yes"
"6","MGI:99480","HGNC:1833","adipose tissue phenotype","Adipose - Visceral (Omentum)","Abnormality of connective tissue","decreased brown adipose tissue amount","Yes","Yes","Yes"
"7","MGI:99480","HGNC:1833","adipose tissue phenotype","Adipose - Visceral (Omentum)","Abnormality of connective tissue","increased brown adipose tissue amount","Yes","Yes","Yes"
"8","MGI:1352467","HGNC:3467","adipose tissue phenotype","Adipose - Visceral (Omentum)","Abnormality of connective tissue","increased mammary fat pad weight","Yes","Yes","Yes"
"9","MGI:109169","HGNC:3374","cardiovascular system phenotype","Artery - Aorta","Abnormality of the cardiovascular system","increased heart weight","Yes","Yes","Yes"
"10","MGI:95487","HGNC:3600","cardiovascular system phenotype","Artery - Tibial","Abnormality of the cardiovascular system","abnormal heart morphology","No","Yes","Yes"
"11","MGI:1922552","HGNC:23805","cardiovascular system phenotype","Heart - Atrial Appendage","Abnormality of the cardiovascular system","abnormal heart morphology","Yes","Yes","Yes"
"12","MGI:1922552","HGNC:23805","cardiovascular system phenotype","Artery - Tibial","Abnormality of the cardiovascular system","abnormal heart morphology","Yes","Yes","Yes"
"13","MGI:95294","HGNC:3236","cardiovascular system phenotype","Artery - Tibial","Abnormality of the cardiovascular system","cardiac hypertrophy","Yes","Yes","Yes"
"14","MGI:102720","HGNC:3180","cardiovascular system phenotype","Artery - Tibial","Abnormality of the cardiovascular system","decreased response of heart to induced stress","Yes","Yes","Yes"
"15","MGI:109169","HGNC:3374","cardiovascular system phenotype","Heart - Atrial Appendage","Abnormality of the cardiovascular system","increased heart weight","Yes","Yes","Yes"
"16","MGI:1922552","HGNC:23805","cardiovascular system phenotype","Heart - Left Ventricle","Abnormality of the cardiovascular system","abnormal heart morphology","Yes","Yes","Yes"
"17","MGI:1306784","HGNC:1987","cardiovascular system phenotype","Artery - Coronary","Abnormality of the cardiovascular system","abnormal heart position or orientation","Yes","Yes","Yes"
"18","MGI:95294","HGNC:3236","cardiovascular system phenotype","Heart - Atrial Appendage","Abnormality of the cardiovascular system","cardiac hypertrophy","Yes","Yes","Yes"
"19","MGI:1922552","HGNC:23805","cardiovascular system phenotype","Artery - Coronary","Abnormality of the cardiovascular system","abnormal heart morphology","Yes","Yes","Yes"
"20","MGI:1922552","HGNC:23805","cardiovascular system phenotype","Artery - Aorta","Abnormality of the cardiovascular system","enlarged heart","Yes","Yes","Yes"
"21","MGI:109169","HGNC:3374","cardiovascular system phenotype","Artery - Tibial","Abnormality of the cardiovascular system","increased heart weight","Yes","Yes","Yes"
"22","MGI:1306784","HGNC:1987","cardiovascular system phenotype","Artery - Aorta","Abnormality of the cardiovascular system","abnormal heart position or orientation","Yes","Yes","Yes"
"23","MGI:95294","HGNC:3236","cardiovascular system phenotype","Artery - Coronary","Abnormality of the cardiovascular system","cardiac hypertrophy","Yes","Yes","Yes"
"24","MGI:94885","HGNC:2770","cardiovascular system phenotype","Artery - Tibial","Abnormality of the cardiovascular system","thin myocardium","Yes","Yes","Yes"
"25","MGI:94885","HGNC:2770","cardiovascular system phenotype","Heart - Left Ventricle","Abnormality of the cardiovascular system","cardiac interstitial fibrosis","Yes","Yes","Yes"
"26","MGI:1922552","HGNC:23805","cardiovascular system phenotype","Heart - Atrial Appendage","Abnormality of the cardiovascular system","enlarged heart","Yes","Yes","Yes"
"27","MGI:87909","HGNC:130","cardiovascular system phenotype","Artery - Coronary","Abnormality of the cardiovascular system","abnormal aorta morphology","Yes","Yes","Yes"
"28","MGI:102720","HGNC:3180","cardiovascular system phenotype","Artery - Coronary","Abnormality of the cardiovascular system","decreased response of heart to induced stress","Yes","Yes","Yes"
"29","MGI:1306784","HGNC:1987","cardiovascular system phenotype","Heart - Left Ventricle","Abnormality of the cardiovascular system","abnormal heart position or orientation","Yes","Yes","Yes"
"30","MGI:102709","HGNC:1527","cardiovascular system phenotype","Artery - Coronary","Abnormality of the cardiovascular system","increased vascular permeability","Yes","Yes","Yes"
"31","MGI:109169","HGNC:3374","cardiovascular system phenotype","Heart - Left Ventricle","Abnormality of the cardiovascular system","abnormal heart morphology","Yes","Yes","Yes"
"32","MGI:1306784","HGNC:1987","cardiovascular system phenotype","Artery - Coronary","Abnormality of the cardiovascular system","dextrocardia","Yes","Yes","Yes"
"33","MGI:87909","HGNC:130","cardiovascular system phenotype","Heart - Left Ventricle","Abnormality of the cardiovascular system","abnormal aorta morphology","Yes","Yes","Yes"
"34","MGI:95713","HGNC:4274","cardiovascular system phenotype","Heart - Left Ventricle","Abnormality of the cardiovascular system","abnormal heart ventricle morphology","No","Yes","Yes"
"35","MGI:102720","HGNC:3180","cardiovascular system phenotype","Heart - Atrial Appendage","Abnormality of the cardiovascular system","decreased response of heart to induced stress","Yes","Yes","Yes"
"36","MGI:102709","HGNC:1527","cardiovascular system phenotype","Heart - Atrial Appendage","Abnormality of the cardiovascular system","increased vascular permeability","Yes","Yes","Yes"
"37","MGI:95294","HGNC:3236","cardiovascular system phenotype","Heart - Left Ventricle","Abnormality of the cardiovascular system","cardiac fibrosis","Yes","Yes","Yes"
"38","MGI:87909","HGNC:130","cardiovascular system phenotype","Artery - Tibial","Abnormality of the cardiovascular system","abnormal aorta morphology","Yes","Yes","Yes"
"39","MGI:1306784","HGNC:1987","cardiovascular system phenotype","Artery - Tibial","Abnormality of the cardiovascular system","dextrocardia","Yes","Yes","Yes"
"40","MGI:95566","HGNC:3778","cardiovascular system phenotype","Artery - Aorta","Abnormality of the cardiovascular system","abnormal atrioventricular cushion morphology","Yes","Yes","Yes"
"41","MGI:109169","HGNC:3374","cardiovascular system phenotype","Artery - Coronary","Abnormality of the cardiovascular system","abnormal heart morphology","Yes","Yes","Yes"
"42","MGI:95713","HGNC:4274","cardiovascular system phenotype","Heart - Atrial Appendage","Abnormality of the cardiovascular system","abnormal heart ventricle morphology","No","Yes","Yes"
"43","MGI:102709","HGNC:1527","cardiovascular system phenotype","Heart - Left Ventricle","Abnormality of the cardiovascular system","increased vascular permeability","Yes","Yes","Yes"
"44","MGI:102720","HGNC:3180","cardiovascular system phenotype","Heart - Left Ventricle","Abnormality of the cardiovascular system","decreased response of heart to induced stress","Yes","Yes","Yes"
"45","MGI:87909","HGNC:130","cardiovascular system phenotype","Heart - Atrial Appendage","Abnormality of the cardiovascular system","abnormal aorta morphology","Yes","Yes","Yes"
"46","MGI:104757","HGNC:3395","cardiovascular system phenotype","Heart - Left Ventricle","Abnormality of the cardiovascular system","abnormal anterior cardinal vein morphology","Yes","Yes","Yes"
"47","MGI:94885","HGNC:2770","cardiovascular system phenotype","Artery - Coronary","Abnormality of the cardiovascular system","cardiac interstitial fibrosis","Yes","Yes","Yes"
"48","MGI:94885","HGNC:2770","cardiovascular system phenotype","Artery - Coronary","Abnormality of the cardiovascular system","thin myocardium","Yes","Yes","Yes"
"49","MGI:1306784","HGNC:1987","cardiovascular system phenotype","Artery - Aorta","Abnormality of the cardiovascular system","mesocardia","Yes","Yes","Yes"
"50","MGI:88467","HGNC:2197","cardiovascular system phenotype","Artery - Coronary","Abnormality of the cardiovascular system","lung hemorrhage","Yes","Yes","Yes"
"51","MGI:95566","HGNC:3778","cardiovascular system phenotype","Heart - Atrial Appendage","Abnormality of the cardiovascular system","abnormal atrioventricular cushion morphology","Yes","Yes","Yes"
"52","MGI:95566","HGNC:3778","cardiovascular system phenotype","Artery - Tibial","Abnormality of the cardiovascular system","abnormal atrioventricular cushion morphology","Yes","Yes","Yes"
"53","MGI:1922552","HGNC:23805","cardiovascular system phenotype","Artery - Tibial","Abnormality of the cardiovascular system","cardiac interstitial fibrosis","Yes","Yes","Yes"
"54","MGI:94885","HGNC:2770","cardiovascular system phenotype","Heart - Left Ventricle","Abnormality of the cardiovascular system","abnormal impulse conducting system conduction","Yes","Yes","Yes"
"55","MGI:1306784","HGNC:1987","cardiovascular system phenotype","Artery - Tibial","Abnormality of the cardiovascular system","abnormal heart morphology","Yes","Yes","Yes"
"56","MGI:1922552","HGNC:23805","cardiovascular system phenotype","Artery - Coronary","Abnormality of the cardiovascular system","cardiac interstitial fibrosis","Yes","Yes","Yes"
"57","MGI:95411","HGNC:3431","cardiovascular system phenotype","Heart - Atrial Appendage","Abnormality of the cardiovascular system","thin atrioventricular cushion","Yes","Yes","Yes"
"58","MGI:95411","HGNC:3431","cardiovascular system phenotype","Artery - Tibial","Abnormality of the cardiovascular system","thin atrioventricular cushion","Yes","Yes","Yes"
"59","MGI:95566","HGNC:3778","cardiovascular system phenotype","Heart - Left Ventricle","Abnormality of the cardiovascular system","abnormal atrioventricular cushion morphology","Yes","Yes","Yes"
"60","MGI:1306784","HGNC:1987","cardiovascular system phenotype","Artery - Coronary","Abnormality of the cardiovascular system","mesocardia","Yes","Yes","Yes"
"61","MGI:102709","HGNC:1527","cardiovascular system phenotype","Artery - Tibial","Abnormality of the cardiovascular system","increased vascular permeability","Yes","Yes","Yes"
"62","MGI:88467","HGNC:2197","cardiovascular system phenotype","Heart - Left Ventricle","Abnormality of the cardiovascular system","lung hemorrhage","Yes","Yes","Yes"
"63","MGI:94885","HGNC:2770","cardiovascular system phenotype","Artery - Aorta","Abnormality of the cardiovascular system","thin myocardium","Yes","Yes","Yes"
"64","MGI:95713","HGNC:4274","cardiovascular system phenotype","Artery - Tibial","Abnormality of the cardiovascular system","abnormal heart ventricle morphology","No","Yes","Yes"
"65","MGI:94885","HGNC:2770","cardiovascular system phenotype","Heart - Atrial Appendage","Abnormality of the cardiovascular system","thin myocardium","Yes","Yes","Yes"
"66","MGI:95411","HGNC:3431","cardiovascular system phenotype","Heart - Left Ventricle","Abnormality of the cardiovascular system","thin atrioventricular cushion","Yes","Yes","No"
"67","MGI:95411","HGNC:3431","cardiovascular system phenotype","Artery - Aorta","Abnormality of the cardiovascular system","thin atrioventricular cushion","Yes","Yes","No"
"68","MGI:104757","HGNC:3395","cardiovascular system phenotype","Heart - Atrial Appendage","Abnormality of the cardiovascular system","abnormal anterior cardinal vein morphology","Yes","Yes","Yes"
"69","MGI:1922552","HGNC:23805","cardiovascular system phenotype","Artery - Aorta","Abnormality of the cardiovascular system","abnormal heart morphology","Yes","Yes","Yes"
"70","MGI:1330824","HGNC:2472","cardiovascular system phenotype","Artery - Aorta","Abnormality of the cardiovascular system","abnormal heart ventricle morphology","Yes","Yes","No"
"71","MGI:94885","HGNC:2770","cardiovascular system phenotype","Heart - Atrial Appendage","Abnormality of the cardiovascular system","cardiac interstitial fibrosis","Yes","Yes","Yes"
"72","MGI:87909","HGNC:130","cardiovascular system phenotype","Artery - Aorta","Abnormality of the cardiovascular system","abnormal aorta morphology","Yes","Yes","Yes"
"73","MGI:95487","HGNC:3600","cardiovascular system phenotype","Heart - Left Ventricle","Abnormality of the cardiovascular system","abnormal heart morphology","No","Yes","Yes"
"74","MGI:105923","HGNC:3179","cardiovascular system phenotype","Heart - Atrial Appendage","Abnormality of the cardiovascular system","abnormal heart morphology","Yes","Yes","Yes"
"75","MGI:1306784","HGNC:1987","cardiovascular system phenotype","Heart - Atrial Appendage","Abnormality of the cardiovascular system","mesocardia","Yes","Yes","Yes"
"76","MGI:95664","HGNC:4173","cardiovascular system phenotype","Heart - Left Ventricle","Abnormality of the cardiovascular system","abnormal myocardial trabeculae morphology","Yes","Yes","Yes"
"77","MGI:94885","HGNC:2770","cardiovascular system phenotype","Heart - Left Ventricle","Abnormality of the cardiovascular system","thin myocardium","Yes","Yes","Yes"
"78","MGI:95294","HGNC:3236","cardiovascular system phenotype","Artery - Aorta","Abnormality of the cardiovascular system","cardiac fibrosis","Yes","Yes","Yes"
"79","MGI:95664","HGNC:4173","cardiovascular system phenotype","Artery - Coronary","Abnormality of the cardiovascular system","abnormal myocardial trabeculae morphology","Yes","Yes","Yes"
"80","MGI:88467","HGNC:2197","cardiovascular system phenotype","Artery - Aorta","Abnormality of the cardiovascular system","lung hemorrhage","Yes","Yes","Yes"
"81","MGI:95566","HGNC:3778","cardiovascular system phenotype","Artery - Coronary","Abnormality of the cardiovascular system","abnormal atrioventricular cushion morphology","Yes","Yes","Yes"
"82","MGI:104757","HGNC:3395","cardiovascular system phenotype","Artery - Coronary","Abnormality of the cardiovascular system","abnormal anterior cardinal vein morphology","Yes","Yes","Yes"
"83","MGI:1306784","HGNC:1987","cardiovascular system phenotype","Heart - Atrial Appendage","Abnormality of the cardiovascular system","abnormal heart position or orientation","Yes","Yes","Yes"
"84","MGI:96435","HGNC:5467","cardiovascular system phenotype","Artery - Tibial","Abnormality of the cardiovascular system","enlarged heart","No","Yes","Yes"
"85","MGI:1306784","HGNC:1987","cardiovascular system phenotype","Heart - Atrial Appendage","Abnormality of the cardiovascular system","dextrocardia","Yes","Yes","Yes"
"86","MGI:102720","HGNC:3180","cardiovascular system phenotype","Artery - Aorta","Abnormality of the cardiovascular system","decreased response of heart to induced stress","Yes","Yes","Yes"
"87","MGI:1306784","HGNC:1987","cardiovascular system phenotype","Artery - Tibial","Abnormality of the cardiovascular system","mesocardia","Yes","Yes","Yes"
"88","MGI:94885","HGNC:2770","cardiovascular system phenotype","Heart - Left Ventricle","Abnormality of the cardiovascular system","cardiac fibrosis","Yes","Yes","Yes"
"89","MGI:95664","HGNC:4173","cardiovascular system phenotype","Heart - Atrial Appendage","Abnormality of the cardiovascular system","abnormal myocardial trabeculae morphology","Yes","Yes","Yes"
"90","MGI:95664","HGNC:4173","cardiovascular system phenotype","Artery - Aorta","Abnormality of the cardiovascular system","abnormal myocardial trabeculae morphology","Yes","No","No"
"91","MGI:88467","HGNC:2197","cardiovascular system phenotype","Heart - Atrial Appendage","Abnormality of the cardiovascular system","lung hemorrhage","Yes","Yes","Yes"
"92","MGI:96435","HGNC:5467","cardiovascular system phenotype","Artery - Tibial","Abnormality of the cardiovascular system","dilated heart","No","Yes","Yes"
"93","MGI:87905","HGNC:143","cardiovascular system phenotype","Heart - Left Ventricle","Abnormality of the cardiovascular system","disorganized myocardium","Yes","Yes","Yes"
"94","MGI:94885","HGNC:2770","cardiovascular system phenotype","Artery - Aorta","Abnormality of the cardiovascular system","cardiac interstitial fibrosis","Yes","Yes","Yes"
"95","MGI:96435","HGNC:5467","cardiovascular system phenotype","Heart - Atrial Appendage","Abnormality of the cardiovascular system","enlarged heart","No","Yes","Yes"
"96","MGI:1922552","HGNC:23805","cardiovascular system phenotype","Heart - Left Ventricle","Abnormality of the cardiovascular system","cardiac interstitial fibrosis","Yes","Yes","Yes"
"97","MGI:1306784","HGNC:1987","cardiovascular system phenotype","Heart - Left Ventricle","Abnormality of the cardiovascular system","abnormal heart morphology","Yes","Yes","Yes"
"98","MGI:94885","HGNC:2770","cardiovascular system phenotype","Heart - Left Ventricle","Abnormality of the cardiovascular system","decreased ventricle muscle contractility","Yes","Yes","Yes"
"99","MGI:94885","HGNC:2770","cardiovascular system phenotype","Heart - Atrial Appendage","Abnormality of the cardiovascular system","decreased ventricle muscle contractility","Yes","Yes","Yes"
"100","MGI:94885","HGNC:2770","cardiovascular system phenotype","Artery - Coronary","Abnormality of the cardiovascular system","cardiac fibrosis","Yes","Yes","Yes"
"101","MGI:109169","HGNC:3374","cardiovascular system phenotype","Heart - Atrial Appendage","Abnormality of the cardiovascular system","abnormal heart morphology","Yes","Yes","Yes"
"102","MGI:105923","HGNC:3179","cardiovascular system phenotype","Artery - Coronary","Abnormality of the cardiovascular system","abnormal heart morphology","Yes","Yes","Yes"
"103","MGI:94885","HGNC:2770","cardiovascular system phenotype","Heart - Atrial Appendage","Abnormality of the cardiovascular system","increased heart weight","Yes","Yes","Yes"
"104","MGI:102709","HGNC:1527","cardiovascular system phenotype","Artery - Aorta","Abnormality of the cardiovascular system","increased vascular permeability","Yes","Yes","Yes"
"105","MGI:1922552","HGNC:23805","cardiovascular system phenotype","Artery - Coronary","Abnormality of the cardiovascular system","enlarged heart","Yes","Yes","Yes"
"106","MGI:1922552","HGNC:23805","cardiovascular system phenotype","Artery - Aorta","Abnormality of the cardiovascular system","cardiac interstitial fibrosis","Yes","Yes","Yes"
"107","MGI:87905","HGNC:143","cardiovascular system phenotype","Artery - Tibial","Abnormality of the cardiovascular system","disorganized myocardium","Yes","Yes","Yes"
"108","MGI:1306784","HGNC:1987","cardiovascular system phenotype","Heart - Atrial Appendage","Abnormality of the cardiovascular system","abnormal heart morphology","Yes","Yes","Yes"
"109","MGI:1298387","HGNC:3702","cardiovascular system phenotype","Artery - Tibial","Abnormality of the cardiovascular system","decreased response of heart to induced stress","Yes","Yes","Yes"
"110","MGI:95411","HGNC:3431","cardiovascular system phenotype","Artery - Coronary","Abnormality of the cardiovascular system","thin atrioventricular cushion","Yes","Yes","Yes"
"111","MGI:95664","HGNC:4173","cardiovascular system phenotype","Artery - Aorta","Abnormality of the cardiovascular system","thin myocardium","Yes","No","No"
"112","MGI:94885","HGNC:2770","cardiovascular system phenotype","Artery - Tibial","Abnormality of the cardiovascular system","cardiac interstitial fibrosis","Yes","Yes","Yes"
"113","MGI:94885","HGNC:2770","cardiovascular system phenotype","Artery - Tibial","Abnormality of the cardiovascular system","decreased ventricle muscle contractility","Yes","Yes","Yes"
"114","MGI:1306784","HGNC:1987","cardiovascular system phenotype","Artery - Aorta","Abnormality of the cardiovascular system","dextrocardia","Yes","Yes","Yes"
"115","MGI:109169","HGNC:3374","cardiovascular system phenotype","Artery - Tibial","Abnormality of the cardiovascular system","abnormal heart morphology","Yes","Yes","Yes"
"116","MGI:105923","HGNC:3179","cardiovascular system phenotype","Heart - Left Ventricle","Abnormality of the cardiovascular system","abnormal heart morphology","Yes","Yes","Yes"
"117","MGI:95487","HGNC:3600","cardiovascular system phenotype","Artery - Aorta","Abnormality of the cardiovascular system","abnormal heart morphology","No","Yes","Yes"
"118","MGI:96435","HGNC:5467","cardiovascular system phenotype","Artery - Coronary","Abnormality of the cardiovascular system","enlarged heart","No","Yes","Yes"
"119","MGI:95566","HGNC:3778","cardiovascular system phenotype","Heart - Left Ventricle","Abnormality of the cardiovascular system","abnormal heart morphology","Yes","Yes","Yes"
"120","MGI:1922552","HGNC:23805","cardiovascular system phenotype","Heart - Atrial Appendage","Abnormality of the cardiovascular system","cardiac interstitial fibrosis","Yes","Yes","Yes"
"121","MGI:1306784","HGNC:1987","cardiovascular system phenotype","Artery - Coronary","Abnormality of the cardiovascular system","abnormal heart atrium morphology","Yes","Yes","Yes"
"122","MGI:1306784","HGNC:1987","cardiovascular system phenotype","Artery - Tibial","Abnormality of the cardiovascular system","abnormal heart position or orientation","Yes","Yes","Yes"
"123","MGI:95664","HGNC:4173","cardiovascular system phenotype","Heart - Left Ventricle","Abnormality of the cardiovascular system","thin myocardium","Yes","Yes","Yes"
"124","MGI:87905","HGNC:143","cardiovascular system phenotype","Artery - Coronary","Abnormality of the cardiovascular system","disorganized myocardium","Yes","Yes","Yes"
"125","MGI:96435","HGNC:5467","cardiovascular system phenotype","Artery - Aorta","Abnormality of the cardiovascular system","enlarged heart","No","Yes","Yes"
"126","MGI:104757","HGNC:3395","cardiovascular system phenotype","Artery - Aorta","Abnormality of the cardiovascular system","abnormal anterior cardinal vein morphology","Yes","Yes","Yes"
"127","MGI:94885","HGNC:2770","cardiovascular system phenotype","Artery - Aorta","Abnormality of the cardiovascular system","cardiac fibrosis","Yes","Yes","Yes"
"128","MGI:109169","HGNC:3374","cardiovascular system phenotype","Heart - Left Ventricle","Abnormality of the cardiovascular system","increased heart weight","Yes","Yes","Yes"
"129","MGI:109169","HGNC:3374","cardiovascular system phenotype","Artery - Coronary","Abnormality of the cardiovascular system","increased heart weight","Yes","Yes","Yes"
"130","MGI:94885","HGNC:2770","cardiovascular system phenotype","Heart - Atrial Appendage","Abnormality of the cardiovascular system","cardiac fibrosis","Yes","Yes","Yes"
"131","MGI:95487","HGNC:3600","cardiovascular system phenotype","Heart - Atrial Appendage","Abnormality of the cardiovascular system","abnormal heart morphology","No","Yes","Yes"
"132","MGI:95487","HGNC:3600","cardiovascular system phenotype","Artery - Coronary","Abnormality of the cardiovascular system","abnormal heart morphology","No","Yes","Yes"
"133","MGI:95566","HGNC:3778","cardiovascular system phenotype","Heart - Atrial Appendage","Abnormality of the cardiovascular system","abnormal heart morphology","Yes","Yes","Yes"
"134","MGI:95489","HGNC:3603","cardiovascular system phenotype","Artery - Tibial","Abnormality of the cardiovascular system","abnormal heart morphology","Yes","Yes","Yes"
"135","MGI:1330824","HGNC:2472","cardiovascular system phenotype","Heart - Atrial Appendage","Abnormality of the cardiovascular system","abnormal heart ventricle morphology","Yes","Yes","Yes"
"136","MGI:1298387","HGNC:3702","cardiovascular system phenotype","Heart - Atrial Appendage","Abnormality of the cardiovascular system","decreased response of heart to induced stress","Yes","Yes","Yes"
"137","MGI:95489","HGNC:3603","cardiovascular system phenotype","Artery - Aorta","Abnormality of the cardiovascular system","abnormal heart morphology","Yes","Yes","Yes"
"138","MGI:94885","HGNC:2770","cardiovascular system phenotype","Heart - Atrial Appendage","Abnormality of the cardiovascular system","abnormal myocardium layer morphology","Yes","Yes","Yes"
"139","MGI:95294","HGNC:3236","cardiovascular system phenotype","Artery - Aorta","Abnormality of the cardiovascular system","cardiac hypertrophy","Yes","Yes","Yes"
"140","MGI:95294","HGNC:3236","cardiovascular system phenotype","Heart - Left Ventricle","Abnormality of the cardiovascular system","cardiac hypertrophy","Yes","Yes","Yes"
"141","MGI:96435","HGNC:5467","cardiovascular system phenotype","Artery - Coronary","Abnormality of the cardiovascular system","heart hyperplasia","No","Yes","Yes"
"142","MGI:96435","HGNC:5467","cardiovascular system phenotype","Heart - Atrial Appendage","Abnormality of the cardiovascular system","heart hyperplasia","No","Yes","Yes"
"143","MGI:96435","HGNC:5467","cardiovascular system phenotype","Heart - Left Ventricle","Abnormality of the cardiovascular system","enlarged heart","No","Yes","Yes"
"144","MGI:109169","HGNC:3374","cardiovascular system phenotype","Artery - Aorta","Abnormality of the cardiovascular system","abnormal heart morphology","Yes","Yes","Yes"
"145","MGI:1347481","HGNC:3801","cardiovascular system phenotype","Heart - Atrial Appendage","Abnormality of the cardiovascular system","abnormal fourth pharyngeal arch artery morphology","Yes","Yes","Yes"
"146","MGI:1306784","HGNC:1987","cardiovascular system phenotype","Heart - Left Ventricle","Abnormality of the cardiovascular system","mesocardia","Yes","Yes","Yes"
"147","MGI:1298387","HGNC:3702","cardiovascular system phenotype","Artery - Coronary","Abnormality of the cardiovascular system","decreased response of heart to induced stress","Yes","Yes","Yes"
"148","MGI:1298387","HGNC:3702","cardiovascular system phenotype","Heart - Left Ventricle","Abnormality of the cardiovascular system","decreased response of heart to induced stress","Yes","Yes","Yes"
"149","MGI:94885","HGNC:2770","cardiovascular system phenotype","Heart - Left Ventricle","Abnormality of the cardiovascular system","abnormal myocardium layer morphology","Yes","Yes","Yes"
"150","MGI:87905","HGNC:143","cardiovascular system phenotype","Artery - Aorta","Abnormality of the cardiovascular system","disorganized myocardium","Yes","Yes","Yes"
"151","MGI:94885","HGNC:2770","cardiovascular system phenotype","Artery - Coronary","Abnormality of the cardiovascular system","abnormal impulse conducting system conduction","Yes","Yes","Yes"
"152","MGI:104757","HGNC:3395","cardiovascular system phenotype","Artery - Tibial","Abnormality of the cardiovascular system","abnormal anterior cardinal vein morphology","Yes","Yes","Yes"
"153","MGI:94885","HGNC:2770","cardiovascular system phenotype","Artery - Tibial","Abnormality of the cardiovascular system","abnormal impulse conducting system conduction","Yes","Yes","Yes"
"154","MGI:95713","HGNC:4274","cardiovascular system phenotype","Artery - Aorta","Abnormality of the cardiovascular system","abnormal heart ventricle morphology","No","Yes","Yes"
"155","MGI:1347481","HGNC:3801","cardiovascular system phenotype","Artery - Aorta","Abnormality of the cardiovascular system","abnormal fourth pharyngeal arch artery morphology","Yes","Yes","Yes"
"156","MGI:1306784","HGNC:1987","cardiovascular system phenotype","Heart - Left Ventricle","Abnormality of the cardiovascular system","dextrocardia","Yes","Yes","Yes"
"157","MGI:1347466","HGNC:3800","cardiovascular system phenotype","Artery - Tibial","Abnormality of the cardiovascular system","abnormal fourth pharyngeal arch artery morphology","Yes","Yes","Yes"
"158","MGI:1347466","HGNC:3800","cardiovascular system phenotype","Artery - Coronary","Abnormality of the cardiovascular system","corneal vascularization","Yes","Yes","Yes"
"159","MGI:95392","HGNC:3349","cardiovascular system phenotype","Heart - Atrial Appendage","Abnormality of the cardiovascular system","abnormal endocardium morphology","Yes","Yes","Yes"
"160","MGI:87905","HGNC:143","cardiovascular system phenotype","Heart - Atrial Appendage","Abnormality of the cardiovascular system","disorganized myocardium","Yes","Yes","Yes"
"161","MGI:94885","HGNC:2770","cardiovascular system phenotype","Artery - Coronary","Abnormality of the cardiovascular system","abnormal myocardium layer morphology","Yes","Yes","Yes"
"162","MGI:95664","HGNC:4173","cardiovascular system phenotype","Heart - Atrial Appendage","Abnormality of the cardiovascular system","thin myocardium","Yes","Yes","Yes"
"163","MGI:1330824","HGNC:2472","cardiovascular system phenotype","Heart - Left Ventricle","Abnormality of the cardiovascular system","abnormal heart ventricle morphology","Yes","Yes","Yes"
"164","MGI:1338946","HGNC:175","cardiovascular system phenotype","Artery - Coronary","Abnormality of the cardiovascular system","dilated vasculature","No","Yes","Yes"
"165","MGI:94885","HGNC:2770","cardiovascular system phenotype","Artery - Tibial","Abnormality of the cardiovascular system","abnormal myocardium layer morphology","Yes","Yes","Yes"
"166","MGI:1347466","HGNC:3800","cardiovascular system phenotype","Artery - Coronary","Abnormality of the cardiovascular system","abnormal fourth pharyngeal arch artery morphology","Yes","Yes","Yes"
"167","MGI:1347466","HGNC:3800","cardiovascular system phenotype","Heart - Left Ventricle","Abnormality of the cardiovascular system","abnormal fourth pharyngeal arch artery morphology","Yes","Yes","Yes"
"168","MGI:96435","HGNC:5467","cardiovascular system phenotype","Heart - Left Ventricle","Abnormality of the cardiovascular system","heart hyperplasia","No","Yes","Yes"
"169","MGI:94885","HGNC:2770","cardiovascular system phenotype","Heart - Left Ventricle","Abnormality of the cardiovascular system","abnormal heart morphology","Yes","Yes","Yes"
"170","MGI:105923","HGNC:3179","cardiovascular system phenotype","Artery - Tibial","Abnormality of the cardiovascular system","abnormal heart morphology","Yes","Yes","Yes"
"171","MGI:1354949","HGNC:2897","cardiovascular system phenotype","Artery - Tibial","Abnormality of the cardiovascular system","enlarged heart","Yes","Yes","Yes"
"172","MGI:96240","HGNC:5246","cardiovascular system phenotype","Artery - Coronary","Abnormality of the cardiovascular system","increased heart weight","Yes","Yes","Yes"
"173","MGI:96240","HGNC:5246","cardiovascular system phenotype","Artery - Aorta","Abnormality of the cardiovascular system","increased heart weight","Yes","Yes","Yes"
"174","MGI:96240","HGNC:5246","cardiovascular system phenotype","Artery - Tibial","Abnormality of the cardiovascular system","increased heart weight","Yes","Yes","Yes"
"175","MGI:1338946","HGNC:175","cardiovascular system phenotype","Heart - Left Ventricle","Abnormality of the cardiovascular system","abnormal blood vessel morphology","No","Yes","Yes"
"176","MGI:1338946","HGNC:175","cardiovascular system phenotype","Artery - Tibial","Abnormality of the cardiovascular system","abnormal blood vessel morphology","No","Yes","Yes"
"177","MGI:95489","HGNC:3603","cardiovascular system phenotype","Artery - Coronary","Abnormality of the cardiovascular system","abnormal heart morphology","Yes","Yes","Yes"
"178","MGI:94885","HGNC:2770","cardiovascular system phenotype","Artery - Aorta","Abnormality of the cardiovascular system","abnormal impulse conducting system conduction","Yes","Yes","Yes"
"179","MGI:95664","HGNC:4173","cardiovascular system phenotype","Artery - Tibial","Abnormality of the cardiovascular system","thin myocardium","Yes","No","No"
"180","MGI:1306784","HGNC:1987","cardiovascular system phenotype","Artery - Aorta","Abnormality of the cardiovascular system","abnormal heart morphology","Yes","Yes","Yes"
"181","MGI:1347481","HGNC:3801","cardiovascular system phenotype","Artery - Tibial","Abnormality of the cardiovascular system","abnormal fourth pharyngeal arch artery morphology","Yes","Yes","Yes"
"182","MGI:95294","HGNC:3236","cardiovascular system phenotype","Artery - Coronary","Abnormality of the cardiovascular system","cardiac fibrosis","Yes","Yes","Yes"
"183","MGI:1347481","HGNC:3801","cardiovascular system phenotype","Heart - Left Ventricle","Abnormality of the cardiovascular system","abnormal fourth pharyngeal arch artery morphology","Yes","Yes","No"
"184","MGI:95713","HGNC:4274","cardiovascular system phenotype","Artery - Coronary","Abnormality of the cardiovascular system","abnormal heart ventricle morphology","No","Yes","Yes"
"185","MGI:95294","HGNC:3236","cardiovascular system phenotype","Artery - Tibial","Abnormality of the cardiovascular system","cardiac fibrosis","Yes","Yes","Yes"
"186","MGI:95392","HGNC:3349","cardiovascular system phenotype","Heart - Left Ventricle","Abnormality of the cardiovascular system","abnormal endocardium morphology","Yes","Yes","Yes"
"187","MGI:1354949","HGNC:2897","cardiovascular system phenotype","Artery - Coronary","Abnormality of the cardiovascular system","enlarged heart","Yes","Yes","Yes"
"188","MGI:1306784","HGNC:1987","cardiovascular system phenotype","Artery - Aorta","Abnormality of the cardiovascular system","abnormal heart atrium morphology","Yes","Yes","Yes"
"189","MGI:1306784","HGNC:1987","cardiovascular system phenotype","Heart - Left Ventricle","Abnormality of the cardiovascular system","abnormal heart atrium morphology","Yes","Yes","Yes"
"190","MGI:1354949","HGNC:2897","cardiovascular system phenotype","Artery - Aorta","Abnormality of the cardiovascular system","enlarged heart","Yes","Yes","Yes"
"191","MGI:1338946","HGNC:175","cardiovascular system phenotype","Heart - Atrial Appendage","Abnormality of the cardiovascular system","abnormal blood vessel morphology","No","Yes","Yes"
"192","MGI:1859388","HGNC:2910","cardiovascular system phenotype","Heart - Left Ventricle","Abnormality of the cardiovascular system","abnormal induced retinal neovascularization","Yes","Yes","Yes"
"193","MGI:94885","HGNC:2770","cardiovascular system phenotype","Artery - Coronary","Abnormality of the cardiovascular system","decreased ventricle muscle contractility","Yes","Yes","Yes"
"194","MGI:94885","HGNC:2770","cardiovascular system phenotype","Heart - Atrial Appendage","Abnormality of the cardiovascular system","abnormal impulse conducting system conduction","Yes","Yes","Yes"
"195","MGI:88467","HGNC:2197","cardiovascular system phenotype","Heart - Atrial Appendage","Abnormality of the cardiovascular system","decreased ventricle muscle contractility","Yes","Yes","Yes"
"196","MGI:94885","HGNC:2770","cardiovascular system phenotype","Artery - Aorta","Abnormality of the cardiovascular system","increased heart weight","Yes","Yes","Yes"
"197","MGI:94885","HGNC:2770","cardiovascular system phenotype","Artery - Coronary","Abnormality of the cardiovascular system","increased heart weight","Yes","Yes","Yes"
"198","MGI:1922552","HGNC:23805","cardiovascular system phenotype","Artery - Tibial","Abnormality of the cardiovascular system","enlarged heart","Yes","Yes","Yes"
"199","MGI:1922552","HGNC:23805","cardiovascular system phenotype","Heart - Left Ventricle","Abnormality of the cardiovascular system","enlarged heart","Yes","Yes","Yes"
"200","MGI:1306784","HGNC:1987","cardiovascular system phenotype","Heart - Atrial Appendage","Abnormality of the cardiovascular system","abnormal heart atrium morphology","Yes","Yes","Yes"
"201","MGI:95489","HGNC:3603","cardiovascular system phenotype","Heart - Atrial Appendage","Abnormality of the cardiovascular system","abnormal heart morphology","Yes","Yes","Yes"
"202","MGI:1330824","HGNC:2472","cardiovascular system phenotype","Artery - Tibial","Abnormality of the cardiovascular system","abnormal heart ventricle morphology","Yes","Yes","No"
"203","MGI:95664","HGNC:4173","cardiovascular system phenotype","Artery - Tibial","Abnormality of the cardiovascular system","abnormal myocardial trabeculae morphology","Yes","No","No"
"204","MGI:1347466","HGNC:3800","cardiovascular system phenotype","Artery - Tibial","Abnormality of the cardiovascular system","corneal vascularization","Yes","Yes","Yes"
"205","MGI:1354949","HGNC:2897","cardiovascular system phenotype","Heart - Left Ventricle","Abnormality of the cardiovascular system","enlarged heart","Yes","Yes","Yes"
"206","MGI:88467","HGNC:2197","cardiovascular system phenotype","Artery - Tibial","Abnormality of the cardiovascular system","lung hemorrhage","Yes","Yes","Yes"
"207","MGI:94885","HGNC:2770","cardiovascular system phenotype","Artery - Aorta","Abnormality of the cardiovascular system","decreased ventricle muscle contractility","Yes","Yes","Yes"
"208","MGI:1338946","HGNC:175","cardiovascular system phenotype","Heart - Atrial Appendage","Abnormality of the cardiovascular system","dilated vasculature","No","Yes","Yes"
"209","MGI:94885","HGNC:2770","cardiovascular system phenotype","Artery - Aorta","Abnormality of the cardiovascular system","abnormal heart morphology","Yes","Yes","Yes"
"210","MGI:94885","HGNC:2770","cardiovascular system phenotype","Heart - Atrial Appendage","Abnormality of the cardiovascular system","abnormal heart morphology","Yes","Yes","Yes"
"211","MGI:105923","HGNC:3179","cardiovascular system phenotype","Artery - Aorta","Abnormality of the cardiovascular system","abnormal heart morphology","Yes","Yes","Yes"
"212","MGI:96435","HGNC:5467","cardiovascular system phenotype","Artery - Tibial","Abnormality of the cardiovascular system","heart hyperplasia","No","Yes","Yes"
"213","MGI:1330824","HGNC:2472","cardiovascular system phenotype","Artery - Coronary","Abnormality of the cardiovascular system","abnormal heart ventricle morphology","Yes","Yes","No"
"214","MGI:94885","HGNC:2770","cardiovascular system phenotype","Artery - Tibial","Abnormality of the cardiovascular system","cardiac fibrosis","Yes","Yes","Yes"
"215","MGI:96435","HGNC:5467","cardiovascular system phenotype","Heart - Atrial Appendage","Abnormality of the cardiovascular system","heart hemorrhage","No","Yes","Yes"
"216","MGI:94885","HGNC:2770","cardiovascular system phenotype","Heart - Atrial Appendage","Abnormality of the cardiovascular system","cardiac hypertrophy","Yes","Yes","Yes"
"217","MGI:96435","HGNC:5467","cardiovascular system phenotype","Artery - Aorta","Abnormality of the cardiovascular system","heart hemorrhage","No","Yes","Yes"
"218","MGI:94885","HGNC:2770","cardiovascular system phenotype","Artery - Tibial","Abnormality of the cardiovascular system","cardiac hypertrophy","Yes","Yes","Yes"
"219","MGI:1338946","HGNC:175","cardiovascular system phenotype","Artery - Aorta","Abnormality of the cardiovascular system","dilated vasculature","No","Yes","Yes"
"220","MGI:1859388","HGNC:2910","cardiovascular system phenotype","Heart - Atrial Appendage","Abnormality of the cardiovascular system","abnormal induced retinal neovascularization","Yes","Yes","Yes"
"221","MGI:88467","HGNC:2197","cardiovascular system phenotype","Heart - Left Ventricle","Abnormality of the cardiovascular system","decreased ventricle muscle contractility","Yes","Yes","Yes"
"222","MGI:96435","HGNC:5467","cardiovascular system phenotype","Artery - Coronary","Abnormality of the cardiovascular system","dilated heart","No","Yes","Yes"
"223","MGI:96435","HGNC:5467","cardiovascular system phenotype","Heart - Atrial Appendage","Abnormality of the cardiovascular system","dilated heart","No","Yes","Yes"
"224","MGI:96435","HGNC:5467","cardiovascular system phenotype","Artery - Aorta","Abnormality of the cardiovascular system","dilated heart","No","Yes","Yes"
"225","MGI:94885","HGNC:2770","cardiovascular system phenotype","Artery - Aorta","Abnormality of the cardiovascular system","abnormal myocardium layer morphology","Yes","Yes","Yes"
"226","MGI:95392","HGNC:3349","cardiovascular system phenotype","Artery - Aorta","Abnormality of the cardiovascular system","abnormal endocardium morphology","Yes","Yes","Yes"
"227","MGI:2150920","HGNC:3693","cardiovascular system phenotype","Artery - Tibial","Abnormality of the cardiovascular system","thin myocardium","Yes","Yes","Yes"
"228","MGI:1347466","HGNC:3800","cardiovascular system phenotype","Heart - Atrial Appendage","Abnormality of the cardiovascular system","corneal vascularization","Yes","Yes","Yes"
"229","MGI:94885","HGNC:2770","cardiovascular system phenotype","Artery - Tibial","Abnormality of the cardiovascular system","increased heart weight","Yes","Yes","Yes"
"230","MGI:1347466","HGNC:3800","cardiovascular system phenotype","Artery - Aorta","Abnormality of the cardiovascular system","corneal vascularization","Yes","Yes","Yes"
"231","MGI:95489","HGNC:3603","cardiovascular system phenotype","Artery - Aorta","Abnormality of the cardiovascular system","enlarged heart","Yes","Yes","Yes"
"232","MGI:1354949","HGNC:2897","cardiovascular system phenotype","Heart - Atrial Appendage","Abnormality of the cardiovascular system","enlarged heart","Yes","Yes","Yes"
"233","MGI:96435","HGNC:5467","cardiovascular system phenotype","Heart - Left Ventricle","Abnormality of the cardiovascular system","increased heart weight","No","Yes","Yes"
"234","MGI:1338946","HGNC:175","cardiovascular system phenotype","Heart - Left Ventricle","Abnormality of the cardiovascular system","dilated vasculature","No","Yes","Yes"
"235","MGI:95489","HGNC:3603","cardiovascular system phenotype","Heart - Left Ventricle","Abnormality of the cardiovascular system","abnormal heart morphology","Yes","Yes","Yes"
"236","MGI:1347466","HGNC:3800","cardiovascular system phenotype","Heart - Atrial Appendage","Abnormality of the cardiovascular system","abnormal fourth pharyngeal arch artery morphology","Yes","Yes","Yes"
"237","MGI:1347466","HGNC:3800","cardiovascular system phenotype","Artery - Aorta","Abnormality of the cardiovascular system","abnormal fourth pharyngeal arch artery morphology","Yes","Yes","Yes"
"238","MGI:96435","HGNC:5467","cardiovascular system phenotype","Artery - Aorta","Abnormality of the cardiovascular system","heart hyperplasia","No","Yes","Yes"
"239","MGI:96240","HGNC:5246","cardiovascular system phenotype","Heart - Atrial Appendage","Abnormality of the cardiovascular system","increased heart weight","Yes","Yes","Yes"
"240","MGI:1347466","HGNC:3800","cardiovascular system phenotype","Heart - Left Ventricle","Abnormality of the cardiovascular system","corneal vascularization","Yes","Yes","Yes"
"241","MGI:96435","HGNC:5467","cardiovascular system phenotype","Artery - Coronary","Abnormality of the cardiovascular system","heart hemorrhage","No","Yes","Yes"
"242","MGI:96435","HGNC:5467","cardiovascular system phenotype","Heart - Left Ventricle","Abnormality of the cardiovascular system","heart hemorrhage","No","Yes","Yes"
"243","MGI:94885","HGNC:2770","cardiovascular system phenotype","Artery - Coronary","Abnormality of the cardiovascular system","cardiac hypertrophy","Yes","Yes","Yes"
"244","MGI:95489","HGNC:3603","cardiovascular system phenotype","Artery - Coronary","Abnormality of the cardiovascular system","enlarged heart","Yes","Yes","Yes"
"245","MGI:96435","HGNC:5467","cardiovascular system phenotype","Artery - Tibial","Abnormality of the cardiovascular system","heart hemorrhage","No","Yes","Yes"
"246","MGI:94885","HGNC:2770","cardiovascular system phenotype","Artery - Aorta","Abnormality of the cardiovascular system","disorganized myocardium","Yes","Yes","Yes"
"247","MGI:96435","HGNC:5467","cardiovascular system phenotype","Artery - Coronary","Abnormality of the cardiovascular system","increased heart weight","No","Yes","Yes"
"248","MGI:1338946","HGNC:175","cardiovascular system phenotype","Artery - Tibial","Abnormality of the cardiovascular system","dilated vasculature","No","Yes","Yes"
"249","MGI:1306784","HGNC:1987","cardiovascular system phenotype","Artery - Coronary","Abnormality of the cardiovascular system","abnormal heart morphology","Yes","Yes","Yes"
"250","MGI:94885","HGNC:2770","cardiovascular system phenotype","Artery - Coronary","Abnormality of the cardiovascular system","abnormal heart morphology","Yes","Yes","Yes"
"251","MGI:95294","HGNC:3236","cardiovascular system phenotype","Heart - Atrial Appendage","Abnormality of the cardiovascular system","cardiac fibrosis","Yes","Yes","Yes"
"252","MGI:94885","HGNC:2770","cardiovascular system phenotype","Artery - Tibial","Abnormality of the cardiovascular system","abnormal heart morphology","Yes","Yes","Yes"
"253","MGI:1338946","HGNC:175","cardiovascular system phenotype","Artery - Aorta","Abnormality of the cardiovascular system","abnormal blood vessel morphology","No","Yes","Yes"
"254","MGI:2150920","HGNC:3693","cardiovascular system phenotype","Heart - Left Ventricle","Abnormality of the cardiovascular system","thin myocardium","Yes","Yes","Yes"
"255","MGI:95489","HGNC:3603","cardiovascular system phenotype","Artery - Coronary","Abnormality of the cardiovascular system","cardiac fibrosis","Yes","Yes","Yes"
"256","MGI:96240","HGNC:5246","cardiovascular system phenotype","Heart - Left Ventricle","Abnormality of the cardiovascular system","increased heart weight","Yes","Yes","Yes"
"257","MGI:95489","HGNC:3603","cardiovascular system phenotype","Artery - Coronary","Abnormality of the cardiovascular system","cardiac hypertrophy","Yes","Yes","Yes"
"258","MGI:94885","HGNC:2770","cardiovascular system phenotype","Heart - Left Ventricle","Abnormality of the cardiovascular system","cardiac hypertrophy","Yes","Yes","Yes"
"259","MGI:95489","HGNC:3603","cardiovascular system phenotype","Heart - Left Ventricle","Abnormality of the cardiovascular system","enlarged heart","Yes","Yes","Yes"
"260","MGI:94885","HGNC:2770","cardiovascular system phenotype","Artery - Coronary","Abnormality of the cardiovascular system","disorganized myocardium","Yes","Yes","Yes"
"261","MGI:95283","HGNC:3176","cardiovascular system phenotype","Heart - Left Ventricle","Abnormality of the cardiovascular system","abnormal pharyngeal arch artery morphology","Yes","Yes","Yes"
"262","MGI:95283","HGNC:3176","cardiovascular system phenotype","Artery - Coronary","Abnormality of the cardiovascular system","abnormal pharyngeal arch artery morphology","Yes","Yes","Yes"
"263","MGI:95566","HGNC:3778","cardiovascular system phenotype","Artery - Aorta","Abnormality of the cardiovascular system","abnormal heart morphology","Yes","Yes","Yes"
"264","MGI:88467","HGNC:2197","cardiovascular system phenotype","Artery - Coronary","Abnormality of the cardiovascular system","decreased ventricle muscle contractility","Yes","Yes","Yes"
"265","MGI:95566","HGNC:3778","cardiovascular system phenotype","Artery - Coronary","Abnormality of the cardiovascular system","abnormal heart morphology","Yes","Yes","Yes"
"266","MGI:95392","HGNC:3349","cardiovascular system phenotype","Artery - Coronary","Abnormality of the cardiovascular system","abnormal endocardium morphology","Yes","Yes","Yes"
"267","MGI:1338946","HGNC:175","cardiovascular system phenotype","Artery - Coronary","Abnormality of the cardiovascular system","abnormal blood vessel morphology","No","Yes","Yes"
"268","MGI:94885","HGNC:2770","cardiovascular system phenotype","Artery - Aorta","Abnormality of the cardiovascular system","cardiac hypertrophy","Yes","Yes","Yes"
"269","MGI:95523","HGNC:3689","cardiovascular system phenotype","Heart - Left Ventricle","Abnormality of the cardiovascular system","abnormal placenta vasculature","Yes","No","No"
"270","MGI:95489","HGNC:3603","cardiovascular system phenotype","Heart - Left Ventricle","Abnormality of the cardiovascular system","cardiac fibrosis","Yes","Yes","Yes"
"271","MGI:95489","HGNC:3603","cardiovascular system phenotype","Artery - Tibial","Abnormality of the cardiovascular system","enlarged heart","Yes","Yes","Yes"
"272","MGI:95489","HGNC:3603","cardiovascular system phenotype","Heart - Left Ventricle","Abnormality of the cardiovascular system","cardiac hypertrophy","Yes","Yes","Yes"
"273","MGI:95523","HGNC:3689","cardiovascular system phenotype","Heart - Atrial Appendage","Abnormality of the cardiovascular system","abnormal placenta vasculature","Yes","Yes","Yes"
"274","MGI:94885","HGNC:2770","cardiovascular system phenotype","Heart - Left Ventricle","Abnormality of the cardiovascular system","disorganized myocardium","Yes","Yes","Yes"
"275","MGI:96435","HGNC:5467","cardiovascular system phenotype","Artery - Tibial","Abnormality of the cardiovascular system","increased heart weight","No","Yes","Yes"
"276","MGI:95489","HGNC:3603","cardiovascular system phenotype","Heart - Atrial Appendage","Abnormality of the cardiovascular system","cardiac hypertrophy","Yes","Yes","Yes"
"277","MGI:94885","HGNC:2770","cardiovascular system phenotype","Heart - Atrial Appendage","Abnormality of the cardiovascular system","enlarged heart","Yes","Yes","Yes"
"278","MGI:95523","HGNC:3689","cardiovascular system phenotype","Artery - Aorta","Abnormality of the cardiovascular system","abnormal placenta vasculature","Yes","Yes","Yes"
"279","MGI:94885","HGNC:2770","cardiovascular system phenotype","Heart - Left Ventricle","Abnormality of the cardiovascular system","increased heart weight","Yes","Yes","Yes"
"280","MGI:95489","HGNC:3603","cardiovascular system phenotype","Artery - Aorta","Abnormality of the cardiovascular system","cardiac fibrosis","Yes","Yes","Yes"
"281","MGI:2150920","HGNC:3693","cardiovascular system phenotype","Heart - Atrial Appendage","Abnormality of the cardiovascular system","thin myocardium","Yes","Yes","Yes"
"282","MGI:95523","HGNC:3689","cardiovascular system phenotype","Artery - Tibial","Abnormality of the cardiovascular system","abnormal placenta vasculature","Yes","Yes","Yes"
"283","MGI:94885","HGNC:2770","cardiovascular system phenotype","Artery - Tibial","Abnormality of the cardiovascular system","enlarged heart","Yes","Yes","Yes"
"284","MGI:95489","HGNC:3603","cardiovascular system phenotype","Heart - Atrial Appendage","Abnormality of the cardiovascular system","enlarged heart","Yes","Yes","Yes"
"285","MGI:88467","HGNC:2197","cardiovascular system phenotype","Artery - Tibial","Abnormality of the cardiovascular system","decreased ventricle muscle contractility","Yes","Yes","Yes"
"286","MGI:95523","HGNC:3689","cardiovascular system phenotype","Artery - Coronary","Abnormality of the cardiovascular system","abnormal placenta vasculature","Yes","Yes","Yes"
"287","MGI:2150920","HGNC:3693","cardiovascular system phenotype","Artery - Coronary","Abnormality of the cardiovascular system","thin myocardium","Yes","Yes","Yes"
"288","MGI:96435","HGNC:5467","cardiovascular system phenotype","Heart - Atrial Appendage","Abnormality of the cardiovascular system","increased heart weight","No","Yes","Yes"
"289","MGI:1347481","HGNC:3801","cardiovascular system phenotype","Artery - Coronary","Abnormality of the cardiovascular system","abnormal fourth pharyngeal arch artery morphology","Yes","Yes","Yes"
"290","MGI:1859388","HGNC:2910","cardiovascular system phenotype","Artery - Coronary","Abnormality of the cardiovascular system","abnormal induced retinal neovascularization","Yes","Yes","Yes"
"291","MGI:95489","HGNC:3603","cardiovascular system phenotype","Artery - Aorta","Abnormality of the cardiovascular system","cardiac hypertrophy","Yes","Yes","Yes"
"292","MGI:88467","HGNC:2197","cardiovascular system phenotype","Artery - Aorta","Abnormality of the cardiovascular system","decreased ventricle muscle contractility","Yes","Yes","Yes"
"293","MGI:95489","HGNC:3603","cardiovascular system phenotype","Artery - Tibial","Abnormality of the cardiovascular system","cardiac hypertrophy","Yes","Yes","Yes"
"294","MGI:2150920","HGNC:3693","cardiovascular system phenotype","Artery - Aorta","Abnormality of the cardiovascular system","thin myocardium","Yes","Yes","Yes"
"295","MGI:96435","HGNC:5467","cardiovascular system phenotype","Artery - Aorta","Abnormality of the cardiovascular system","increased heart weight","No","Yes","Yes"
"296","MGI:95283","HGNC:3176","cardiovascular system phenotype","Heart - Atrial Appendage","Abnormality of the cardiovascular system","abnormal pharyngeal arch artery morphology","Yes","Yes","Yes"
"297","MGI:95489","HGNC:3603","cardiovascular system phenotype","Heart - Atrial Appendage","Abnormality of the cardiovascular system","cardiac fibrosis","Yes","Yes","Yes"
"298","MGI:1298387","HGNC:3702","cardiovascular system phenotype","Artery - Aorta","Abnormality of the cardiovascular system","decreased response of heart to induced stress","Yes","Yes","Yes"
"299","MGI:95283","HGNC:3176","cardiovascular system phenotype","Artery - Tibial","Abnormality of the cardiovascular system","abnormal pharyngeal arch artery morphology","Yes","Yes","Yes"
"300","MGI:95283","HGNC:3176","cardiovascular system phenotype","Artery - Aorta","Abnormality of the cardiovascular system","abnormal pharyngeal arch artery morphology","Yes","Yes","Yes"
"301","MGI:95566","HGNC:3778","cardiovascular system phenotype","Artery - Tibial","Abnormality of the cardiovascular system","abnormal heart morphology","Yes","Yes","Yes"
"302","MGI:95392","HGNC:3349","cardiovascular system phenotype","Artery - Tibial","Abnormality of the cardiovascular system","abnormal endocardium morphology","Yes","Yes","Yes"
"303","MGI:94885","HGNC:2770","cardiovascular system phenotype","Heart - Atrial Appendage","Abnormality of the cardiovascular system","disorganized myocardium","Yes","Yes","Yes"
"304","MGI:95489","HGNC:3603","cardiovascular system phenotype","Artery - Tibial","Abnormality of the cardiovascular system","cardiac fibrosis","Yes","Yes","Yes"
"305","MGI:94885","HGNC:2770","cardiovascular system phenotype","Artery - Coronary","Abnormality of the cardiovascular system","enlarged heart","Yes","Yes","Yes"
"306","MGI:95664","HGNC:4173","cardiovascular system phenotype","Artery - Coronary","Abnormality of the cardiovascular system","thin myocardium","Yes","Yes","Yes"
"307","MGI:94885","HGNC:2770","cardiovascular system phenotype","Heart - Left Ventricle","Abnormality of the cardiovascular system","enlarged heart","Yes","Yes","Yes"
"308","MGI:1859388","HGNC:2910","cardiovascular system phenotype","Artery - Aorta","Abnormality of the cardiovascular system","abnormal induced retinal neovascularization","Yes","Yes","Yes"
"309","MGI:94885","HGNC:2770","cardiovascular system phenotype","Artery - Aorta","Abnormality of the cardiovascular system","enlarged heart","Yes","Yes","Yes"
"310","MGI:94885","HGNC:2770","cardiovascular system phenotype","Artery - Tibial","Abnormality of the cardiovascular system","disorganized myocardium","Yes","Yes","Yes"
"311","MGI:1306784","HGNC:1987","cardiovascular system phenotype","Artery - Tibial","Abnormality of the cardiovascular system","abnormal heart atrium morphology","Yes","Yes","Yes"
"312","MGI:96435","HGNC:5467","cardiovascular system phenotype","Heart - Left Ventricle","Abnormality of the cardiovascular system","dilated heart","No","Yes","Yes"
"313","MGI:1859388","HGNC:2910","cardiovascular system phenotype","Artery - Tibial","Abnormality of the cardiovascular system","abnormal induced retinal neovascularization","Yes","Yes","Yes"
"314","MGI:101791","HGNC:6132","craniofacial phenotype","Minor Salivary Gland","Abnormality of head or neck","abnormal pharyngeal arch morphology","Yes","Yes","Yes"
"315","MGI:1099809","HGNC:3666","craniofacial phenotype","Minor Salivary Gland","Abnormality of head or neck","abnormal tongue morphology","Yes","Yes","Yes"
"316","MGI:1347464","HGNC:3811","craniofacial phenotype","Minor Salivary Gland","Abnormality of head or neck","abnormal olfactory epithelium morphology","Yes","No","No"
"317","MGI:1347466","HGNC:3800","craniofacial phenotype","Minor Salivary Gland","Abnormality of head or neck","abnormal fourth pharyngeal arch artery morphology","Yes","Yes","Yes"
"318","MGI:95728","HGNC:4318","craniofacial phenotype","Minor Salivary Gland","Abnormality of head or neck","small mandible","No","Yes","Yes"
"319","MGI:95523","HGNC:3689","craniofacial phenotype","Minor Salivary Gland","Abnormality of head or neck","abnormal neurocranium morphology","Yes","Yes","Yes"
"320","MGI:109172","HGNC:3054","craniofacial phenotype","Minor Salivary Gland","Abnormality of head or neck","abnormal dentin morphology","Yes","No","No"
"321","MGI:88276","HGNC:2514","craniofacial phenotype","Minor Salivary Gland","Abnormality of head or neck","broad head","Yes","Yes","Yes"
"322","MGI:1347481","HGNC:3801","craniofacial phenotype","Minor Salivary Gland","Abnormality of head or neck","abnormal fourth pharyngeal arch artery morphology","Yes","Yes","Yes"
"323","MGI:101926","HGNC:2918","craniofacial phenotype","Minor Salivary Gland","Abnormality of head or neck","abnormal pharyngeal arch morphology","Yes","Yes","Yes"
"324","MGI:95283","HGNC:3176","craniofacial phenotype","Minor Salivary Gland","Abnormality of head or neck","abnormal pharyngeal arch artery morphology","Yes","Yes","Yes"
"325","MGI:109172","HGNC:3054","craniofacial phenotype","Minor Salivary Gland","Abnormality of head or neck","abnormal predentin morphology","Yes","No","No"
"326","MGI:99560","HGNC:5125","craniofacial phenotype","Minor Salivary Gland","Abnormality of head or neck","abnormal filiform papillae morphology","No","No","No"
"327","MGI:96533","HGNC:5956","craniofacial phenotype","Minor Salivary Gland","Abnormality of head or neck","short mandible","No","No","No"
"328","MGI:88467","HGNC:2197","craniofacial phenotype","Minor Salivary Gland","Abnormality of head or neck","abnormal neurocranium morphology","Yes","Yes","Yes"
"329","MGI:1099809","HGNC:3666","craniofacial phenotype","Minor Salivary Gland","Abnormality of head or neck","tongue ankylosis","Yes","Yes","Yes"
"330","MGI:99604","HGNC:3686","craniofacial phenotype","Minor Salivary Gland","Abnormality of head or neck","abnormal pharyngeal arch morphology","Yes","No","No"
"331","MGI:88467","HGNC:2197","craniofacial phenotype","Minor Salivary Gland","Abnormality of head or neck","thick neurocranium","Yes","Yes","Yes"
"332","MGI:101926","HGNC:2918","craniofacial phenotype","Minor Salivary Gland","Abnormality of head or neck","fused pharyngeal arches","Yes","Yes","Yes"
"333","MGI:88467","HGNC:2197","craniofacial phenotype","Minor Salivary Gland","Abnormality of head or neck","thin neurocranium","Yes","Yes","Yes"
"334","MGI:1099809","HGNC:3666","digestive/alimentary phenotype","Pancreas","Abnormality of the digestive system","abnormal tongue morphology","Yes","Yes","Yes"
"335","MGI:99560","HGNC:5125","digestive/alimentary phenotype","Colon - Transverse","Abnormality of the digestive system","abnormal filiform papillae morphology","No","No","No"
"336","MGI:1347470","HGNC:3809","digestive/alimentary phenotype","Colon - Sigmoid","Abnormality of the digestive system","abnormal hindgut morphology","Yes","Yes","Yes"
"337","MGI:96537","HGNC:5962","digestive/alimentary phenotype","Colon - Transverse","Abnormality of the digestive system","abnormal colon morphology","Yes","Yes","Yes"
"338","MGI:101791","HGNC:6132","digestive/alimentary phenotype","Pancreas","Abnormality of the digestive system","abnormal pancreatic acinar cell morphology","Yes","Yes","Yes"
"339","MGI:1347470","HGNC:3809","digestive/alimentary phenotype","Spleen","Abnormality of the digestive system","abnormal hindgut morphology","Yes","Yes","Yes"
"340","MGI:1099809","HGNC:3666","digestive/alimentary phenotype","Colon - Transverse","Abnormality of the digestive system","tongue ankylosis","Yes","Yes","Yes"
"341","MGI:1347470","HGNC:3809","digestive/alimentary phenotype","Esophagus - Mucosa","Abnormality of the digestive system","abnormal hindgut morphology","Yes","Yes","Yes"
"342","MGI:1347470","HGNC:3809","digestive/alimentary phenotype","Spleen","Abnormality of the digestive system","absent midgut","Yes","Yes","Yes"
"343","MGI:1099809","HGNC:3666","digestive/alimentary phenotype","Stomach","Abnormality of the digestive system","abnormal tongue morphology","Yes","Yes","Yes"
"344","MGI:101791","HGNC:6132","digestive/alimentary phenotype","Small Intestine - Terminal Ileum","Abnormality of the digestive system","abnormal pancreatic acinar cell morphology","Yes","Yes","No"
"345","MGI:96537","HGNC:5962","digestive/alimentary phenotype","Pancreas","Abnormality of the digestive system","abnormal colon morphology","Yes","Yes","No"
"346","MGI:1347470","HGNC:3809","digestive/alimentary phenotype","Stomach","Abnormality of the digestive system","abnormal hindgut morphology","Yes","Yes","Yes"
"347","MGI:101791","HGNC:6132","digestive/alimentary phenotype","Spleen","Abnormality of the digestive system","abnormal pancreatic acinar cell morphology","Yes","No","No"
"348","MGI:96537","HGNC:5962","digestive/alimentary phenotype","Spleen","Abnormality of the digestive system","abnormal colon morphology","Yes","Yes","Yes"
"349","MGI:1347470","HGNC:3809","digestive/alimentary phenotype","Stomach","Abnormality of the digestive system","absent midgut","Yes","Yes","Yes"
"350","MGI:96537","HGNC:5962","digestive/alimentary phenotype","Colon - Sigmoid","Abnormality of the digestive system","abnormal colon morphology","Yes","Yes","No"
"351","MGI:1099809","HGNC:3666","digestive/alimentary phenotype","Stomach","Abnormality of the digestive system","tongue ankylosis","Yes","Yes","Yes"
"352","MGI:1347470","HGNC:3809","digestive/alimentary phenotype","Pancreas","Abnormality of the digestive system","abnormal hindgut morphology","Yes","Yes","Yes"
"353","MGI:1099809","HGNC:3666","digestive/alimentary phenotype","Colon - Sigmoid","Abnormality of the digestive system","abnormal tongue morphology","Yes","Yes","Yes"
"354","MGI:1347470","HGNC:3809","digestive/alimentary phenotype","Esophagus - Muscularis","Abnormality of the digestive system","abnormal hindgut morphology","Yes","Yes","Yes"
"355","MGI:101791","HGNC:6132","digestive/alimentary phenotype","Colon - Transverse","Abnormality of the digestive system","abnormal pancreatic acinar cell morphology","Yes","Yes","No"
"356","MGI:101791","HGNC:6132","digestive/alimentary phenotype","Esophagus - Gastroesophageal Junction","Abnormality of the digestive system","abnormal pancreatic acinar cell morphology","Yes","Yes","Yes"
"357","MGI:1347470","HGNC:3809","digestive/alimentary phenotype","Esophagus - Gastroesophageal Junction","Abnormality of the digestive system","absent midgut","Yes","Yes","Yes"
"358","MGI:1347470","HGNC:3809","digestive/alimentary phenotype","Liver","Abnormality of the digestive system","absent midgut","Yes","Yes","Yes"
"359","MGI:1347470","HGNC:3809","digestive/alimentary phenotype","Esophagus - Muscularis","Abnormality of the digestive system","absent midgut","Yes","Yes","Yes"
"360","MGI:1099809","HGNC:3666","digestive/alimentary phenotype","Esophagus - Gastroesophageal Junction","Abnormality of the digestive system","abnormal tongue morphology","Yes","Yes","Yes"
"361","MGI:1099809","HGNC:3666","digestive/alimentary phenotype","Liver","Abnormality of the digestive system","tongue ankylosis","Yes","No","No"
"362","MGI:1347470","HGNC:3809","digestive/alimentary phenotype","Small Intestine - Terminal Ileum","Abnormality of the digestive system","abnormal hindgut morphology","Yes","Yes","Yes"
"363","MGI:1347470","HGNC:3809","digestive/alimentary phenotype","Colon - Transverse","Abnormality of the digestive system","abnormal hindgut morphology","Yes","Yes","Yes"
"364","MGI:1347470","HGNC:3809","digestive/alimentary phenotype","Colon - Transverse","Abnormality of the digestive system","absent midgut","Yes","Yes","Yes"
"365","MGI:1099809","HGNC:3666","digestive/alimentary phenotype","Small Intestine - Terminal Ileum","Abnormality of the digestive system","abnormal tongue morphology","Yes","Yes","Yes"
"366","MGI:1099809","HGNC:3666","digestive/alimentary phenotype","Esophagus - Mucosa","Abnormality of the digestive system","tongue ankylosis","Yes","Yes","Yes"
"367","MGI:1099809","HGNC:3666","digestive/alimentary phenotype","Spleen","Abnormality of the digestive system","abnormal tongue morphology","Yes","No","No"
"368","MGI:1099809","HGNC:3666","digestive/alimentary phenotype","Pancreas","Abnormality of the digestive system","tongue ankylosis","Yes","Yes","Yes"
"369","MGI:1347470","HGNC:3809","digestive/alimentary phenotype","Colon - Sigmoid","Abnormality of the digestive system","absent midgut","Yes","Yes","Yes"
"370","MGI:101791","HGNC:6132","digestive/alimentary phenotype","Colon - Sigmoid","Abnormality of the digestive system","abnormal pancreatic acinar cell morphology","Yes","Yes","No"
"371","MGI:1099809","HGNC:3666","digestive/alimentary phenotype","Colon - Transverse","Abnormality of the digestive system","abnormal tongue morphology","Yes","Yes","Yes"
"372","MGI:1099809","HGNC:3666","digestive/alimentary phenotype","Small Intestine - Terminal Ileum","Abnormality of the digestive system","tongue ankylosis","Yes","Yes","Yes"
"373","MGI:1347470","HGNC:3809","digestive/alimentary phenotype","Esophagus - Gastroesophageal Junction","Abnormality of the digestive system","abnormal hindgut morphology","Yes","Yes","Yes"
"374","MGI:1099809","HGNC:3666","digestive/alimentary phenotype","Liver","Abnormality of the digestive system","abnormal tongue morphology","Yes","No","No"
"375","MGI:1347470","HGNC:3809","digestive/alimentary phenotype","Esophagus - Mucosa","Abnormality of the digestive system","absent midgut","Yes","Yes","Yes"
"376","MGI:96537","HGNC:5962","digestive/alimentary phenotype","Colon - Transverse","Abnormality of the digestive system","colitis","Yes","Yes","Yes"
"377","MGI:99560","HGNC:5125","digestive/alimentary phenotype","Colon - Sigmoid","Abnormality of the digestive system","abnormal filiform papillae morphology","No","No","No"
"378","MGI:96537","HGNC:5962","digestive/alimentary phenotype","Spleen","Abnormality of the digestive system","colitis","Yes","Yes","Yes"
"379","MGI:101791","HGNC:6132","digestive/alimentary phenotype","Esophagus - Muscularis","Abnormality of the digestive system","abnormal pancreatic acinar cell morphology","Yes","No","No"
"380","MGI:96537","HGNC:5962","digestive/alimentary phenotype","Stomach","Abnormality of the digestive system","abnormal colon morphology","Yes","Yes","No"
"381","MGI:1347470","HGNC:3809","digestive/alimentary phenotype","Small Intestine - Terminal Ileum","Abnormality of the digestive system","absent midgut","Yes","Yes","Yes"
"382","MGI:1099809","HGNC:3666","digestive/alimentary phenotype","Colon - Sigmoid","Abnormality of the digestive system","tongue ankylosis","Yes","Yes","Yes"
"383","MGI:1099809","HGNC:3666","digestive/alimentary phenotype","Esophagus - Mucosa","Abnormality of the digestive system","abnormal tongue morphology","Yes","Yes","Yes"
"384","MGI:99560","HGNC:5125","digestive/alimentary phenotype","Esophagus - Gastroesophageal Junction","Abnormality of the digestive system","abnormal filiform papillae morphology","No","No","No"
"385","MGI:96537","HGNC:5962","digestive/alimentary phenotype","Esophagus - Mucosa","Abnormality of the digestive system","abnormal colon morphology","Yes","Yes","No"
"386","MGI:96537","HGNC:5962","digestive/alimentary phenotype","Esophagus - Mucosa","Abnormality of the digestive system","colitis","Yes","Yes","No"
"387","MGI:1347470","HGNC:3809","digestive/alimentary phenotype","Pancreas","Abnormality of the digestive system","absent midgut","Yes","Yes","Yes"
"388","MGI:96537","HGNC:5962","digestive/alimentary phenotype","Esophagus - Gastroesophageal Junction","Abnormality of the digestive system","abnormal colon morphology","Yes","Yes","No"
"389","MGI:99560","HGNC:5125","digestive/alimentary phenotype","Liver","Abnormality of the digestive system","abnormal filiform papillae morphology","No","No","No"
"390","MGI:96537","HGNC:5962","digestive/alimentary phenotype","Esophagus - Muscularis","Abnormality of the digestive system","abnormal colon morphology","Yes","Yes","No"
"391","MGI:1099809","HGNC:3666","digestive/alimentary phenotype","Esophagus - Muscularis","Abnormality of the digestive system","abnormal tongue morphology","Yes","Yes","Yes"
"392","MGI:99560","HGNC:5125","digestive/alimentary phenotype","Small Intestine - Terminal Ileum","Abnormality of the digestive system","abnormal filiform papillae morphology","No","No","No"
"393","MGI:101791","HGNC:6132","digestive/alimentary phenotype","Esophagus - Mucosa","Abnormality of the digestive system","abnormal pancreatic acinar cell morphology","Yes","No","No"
"394","MGI:1099809","HGNC:3666","digestive/alimentary phenotype","Esophagus - Gastroesophageal Junction","Abnormality of the digestive system","tongue ankylosis","Yes","Yes","Yes"
"395","MGI:96537","HGNC:5962","digestive/alimentary phenotype","Small Intestine - Terminal Ileum","Abnormality of the digestive system","abnormal colon morphology","Yes","Yes","Yes"
"396","MGI:96537","HGNC:5962","digestive/alimentary phenotype","Liver","Abnormality of the digestive system","abnormal colon morphology","Yes","Yes","No"
"397","MGI:1099809","HGNC:3666","digestive/alimentary phenotype","Esophagus - Muscularis","Abnormality of the digestive system","tongue ankylosis","Yes","Yes","Yes"
"398","MGI:96537","HGNC:5962","digestive/alimentary phenotype","Small Intestine - Terminal Ileum","Abnormality of the digestive system","colitis","Yes","Yes","Yes"
"399","MGI:101791","HGNC:6132","digestive/alimentary phenotype","Stomach","Abnormality of the digestive system","abnormal pancreatic acinar cell morphology","Yes","Yes","Yes"
"400","MGI:96537","HGNC:5962","digestive/alimentary phenotype","Esophagus - Muscularis","Abnormality of the digestive system","colitis","Yes","Yes","No"
"401","MGI:99560","HGNC:5125","digestive/alimentary phenotype","Stomach","Abnormality of the digestive system","abnormal filiform papillae morphology","No","No","No"
"402","MGI:99560","HGNC:5125","digestive/alimentary phenotype","Spleen","Abnormality of the digestive system","abnormal filiform papillae morphology","No","No","No"
"403","MGI:99560","HGNC:5125","digestive/alimentary phenotype","Esophagus - Muscularis","Abnormality of the digestive system","abnormal filiform papillae morphology","No","No","No"
"404","MGI:1347470","HGNC:3809","digestive/alimentary phenotype","Liver","Abnormality of the digestive system","abnormal hindgut morphology","Yes","Yes","Yes"
"405","MGI:96537","HGNC:5962","digestive/alimentary phenotype","Stomach","Abnormality of the digestive system","colitis","Yes","Yes","No"
"406","MGI:101791","HGNC:6132","digestive/alimentary phenotype","Liver","Abnormality of the digestive system","abnormal pancreatic acinar cell morphology","Yes","No","No"
"407","MGI:96537","HGNC:5962","digestive/alimentary phenotype","Liver","Abnormality of the digestive system","colitis","Yes","Yes","No"
"408","MGI:1099809","HGNC:3666","digestive/alimentary phenotype","Spleen","Abnormality of the digestive system","tongue ankylosis","Yes","No","No"
"409","MGI:99560","HGNC:5125","digestive/alimentary phenotype","Esophagus - Mucosa","Abnormality of the digestive system","abnormal filiform papillae morphology","No","No","No"
"410","MGI:96537","HGNC:5962","digestive/alimentary phenotype","Colon - Sigmoid","Abnormality of the digestive system","colitis","Yes","Yes","No"
"411","MGI:99560","HGNC:5125","digestive/alimentary phenotype","Pancreas","Abnormality of the digestive system","abnormal filiform papillae morphology","No","No","No"
"412","MGI:96537","HGNC:5962","digestive/alimentary phenotype","Pancreas","Abnormality of the digestive system","colitis","Yes","Yes","No"
"413","MGI:96537","HGNC:5962","digestive/alimentary phenotype","Esophagus - Gastroesophageal Junction","Abnormality of the digestive system","colitis","Yes","Yes","No"
"414","MGI:88583","HGNC:2592","endocrine/exocrine gland phenotype","Adrenal Gland","Abnormality of the endocrine system","enlarged adrenal glands","Yes","Yes","Yes"
"415","MGI:88583","HGNC:2592","endocrine/exocrine gland phenotype","Adrenal Gland","Abnormality of the breast","enlarged adrenal glands","Yes","Yes","Yes"
"416","MGI:101791","HGNC:6132","endocrine/exocrine gland phenotype","Pituitary","Abnormality of the endocrine system","abnormal pancreatic acinar cell morphology","Yes","Yes","Yes"
"417","MGI:101791","HGNC:6132","endocrine/exocrine gland phenotype","Pituitary","Abnormality of the breast","abnormal pancreatic acinar cell morphology","Yes","Yes","Yes"
"418","MGI:101791","HGNC:6132","endocrine/exocrine gland phenotype","Breast - Mammary Tissue","Abnormality of the endocrine system","abnormal pancreas morphology","Yes","No","No"
"419","MGI:101791","HGNC:6132","endocrine/exocrine gland phenotype","Breast - Mammary Tissue","Abnormality of the breast","abnormal pancreas morphology","Yes","No","No"
"420","MGI:101791","HGNC:6132","endocrine/exocrine gland phenotype","Thyroid","Abnormality of the endocrine system","abnormal pancreatic acinar cell morphology","Yes","Yes","No"
"421","MGI:101791","HGNC:6132","endocrine/exocrine gland phenotype","Thyroid","Abnormality of the breast","abnormal pancreatic acinar cell morphology","Yes","Yes","No"
"422","MGI:88583","HGNC:2592","endocrine/exocrine gland phenotype","Thyroid","Abnormality of the endocrine system","enlarged adrenal glands","Yes","No","No"
"423","MGI:88583","HGNC:2592","endocrine/exocrine gland phenotype","Thyroid","Abnormality of the breast","enlarged adrenal glands","Yes","No","No"
"424","MGI:101791","HGNC:6132","endocrine/exocrine gland phenotype","Adrenal Gland","Abnormality of the endocrine system","abnormal pancreatic acinar cell morphology","Yes","No","No"
"425","MGI:101791","HGNC:6132","endocrine/exocrine gland phenotype","Adrenal Gland","Abnormality of the breast","abnormal pancreatic acinar cell morphology","Yes","No","No"
"426","MGI:88583","HGNC:2592","endocrine/exocrine gland phenotype","Adrenal Gland","Abnormality of the endocrine system","adrenal gland hyperplasia","Yes","Yes","Yes"
"427","MGI:88583","HGNC:2592","endocrine/exocrine gland phenotype","Adrenal Gland","Abnormality of the breast","adrenal gland hyperplasia","Yes","Yes","Yes"
"428","MGI:104565","HGNC:1785","endocrine/exocrine gland phenotype","Thyroid","Abnormality of the endocrine system","pituitary gland hyperplasia","Yes","Yes","Yes"
"429","MGI:104565","HGNC:1785","endocrine/exocrine gland phenotype","Thyroid","Abnormality of the breast","pituitary gland hyperplasia","Yes","Yes","Yes"
"430","MGI:104565","HGNC:1785","endocrine/exocrine gland phenotype","Adrenal Gland","Abnormality of the endocrine system","increased pituitary gland weight","Yes","Yes","Yes"
"431","MGI:104565","HGNC:1785","endocrine/exocrine gland phenotype","Adrenal Gland","Abnormality of the breast","increased pituitary gland weight","Yes","Yes","Yes"
"432","MGI:88583","HGNC:2592","endocrine/exocrine gland phenotype","Pituitary","Abnormality of the endocrine system","enlarged adrenal glands","Yes","No","No"
"433","MGI:88583","HGNC:2592","endocrine/exocrine gland phenotype","Pituitary","Abnormality of the breast","enlarged adrenal glands","Yes","No","No"
"434","MGI:104565","HGNC:1785","endocrine/exocrine gland phenotype","Thyroid","Abnormality of the endocrine system","increased pituitary gland weight","Yes","Yes","Yes"
"435","MGI:104565","HGNC:1785","endocrine/exocrine gland phenotype","Thyroid","Abnormality of the breast","increased pituitary gland weight","Yes","Yes","Yes"
"436","MGI:88583","HGNC:2592","endocrine/exocrine gland phenotype","Breast - Mammary Tissue","Abnormality of the endocrine system","enlarged adrenal glands","Yes","No","No"
"437","MGI:88583","HGNC:2592","endocrine/exocrine gland phenotype","Breast - Mammary Tissue","Abnormality of the breast","enlarged adrenal glands","Yes","No","No"
"438","MGI:104565","HGNC:1785","endocrine/exocrine gland phenotype","Pituitary","Abnormality of the endocrine system","increased pituitary gland tumor incidence","Yes","Yes","Yes"
"439","MGI:104565","HGNC:1785","endocrine/exocrine gland phenotype","Pituitary","Abnormality of the breast","increased pituitary gland tumor incidence","Yes","Yes","Yes"
"440","MGI:104565","HGNC:1785","endocrine/exocrine gland phenotype","Pituitary","Abnormality of the endocrine system","increased pituitary gland weight","Yes","Yes","Yes"
"441","MGI:104565","HGNC:1785","endocrine/exocrine gland phenotype","Pituitary","Abnormality of the breast","increased pituitary gland weight","Yes","Yes","Yes"
"442","MGI:104565","HGNC:1785","endocrine/exocrine gland phenotype","Breast - Mammary Tissue","Abnormality of the endocrine system","enlarged pituitary gland","Yes","Yes","Yes"
"443","MGI:104565","HGNC:1785","endocrine/exocrine gland phenotype","Breast - Mammary Tissue","Abnormality of the breast","enlarged pituitary gland","Yes","Yes","Yes"
"444","MGI:104565","HGNC:1785","endocrine/exocrine gland phenotype","Adrenal Gland","Abnormality of the endocrine system","enlarged pituitary gland","Yes","Yes","Yes"
"445","MGI:104565","HGNC:1785","endocrine/exocrine gland phenotype","Adrenal Gland","Abnormality of the breast","enlarged pituitary gland","Yes","Yes","Yes"
"446","MGI:104565","HGNC:1785","endocrine/exocrine gland phenotype","Pituitary","Abnormality of the endocrine system","enlarged pituitary gland","Yes","Yes","Yes"
"447","MGI:104565","HGNC:1785","endocrine/exocrine gland phenotype","Pituitary","Abnormality of the breast","enlarged pituitary gland","Yes","Yes","Yes"
"448","MGI:104565","HGNC:1785","endocrine/exocrine gland phenotype","Breast - Mammary Tissue","Abnormality of the endocrine system","increased pituitary gland weight","Yes","Yes","Yes"
"449","MGI:104565","HGNC:1785","endocrine/exocrine gland phenotype","Breast - Mammary Tissue","Abnormality of the breast","increased pituitary gland weight","Yes","Yes","Yes"
"450","MGI:104565","HGNC:1785","endocrine/exocrine gland phenotype","Adrenal Gland","Abnormality of the endocrine system","pituitary gland hyperplasia","Yes","Yes","Yes"
"451","MGI:104565","HGNC:1785","endocrine/exocrine gland phenotype","Adrenal Gland","Abnormality of the breast","pituitary gland hyperplasia","Yes","Yes","Yes"
"452","MGI:104565","HGNC:1785","endocrine/exocrine gland phenotype","Pituitary","Abnormality of the endocrine system","pituitary gland hyperplasia","Yes","Yes","Yes"
"453","MGI:104565","HGNC:1785","endocrine/exocrine gland phenotype","Pituitary","Abnormality of the breast","pituitary gland hyperplasia","Yes","Yes","Yes"
"454","MGI:1349421","HGNC:24669","endocrine/exocrine gland phenotype","Breast - Mammary Tissue","Abnormality of the endocrine system","small ovary","Yes","Yes","No"
"455","MGI:1349421","HGNC:24669","endocrine/exocrine gland phenotype","Breast - Mammary Tissue","Abnormality of the breast","small ovary","Yes","Yes","No"
"456","MGI:1349421","HGNC:24669","endocrine/exocrine gland phenotype","Pituitary","Abnormality of the endocrine system","small ovary","Yes","No","No"
"457","MGI:1349421","HGNC:24669","endocrine/exocrine gland phenotype","Pituitary","Abnormality of the breast","small ovary","Yes","No","No"
"458","MGI:101791","HGNC:6132","endocrine/exocrine gland phenotype","Breast - Mammary Tissue","Abnormality of the endocrine system","abnormal pancreatic acinar cell morphology","Yes","No","No"
"459","MGI:101791","HGNC:6132","endocrine/exocrine gland phenotype","Breast - Mammary Tissue","Abnormality of the breast","abnormal pancreatic acinar cell morphology","Yes","No","No"
"460","MGI:1349421","HGNC:24669","endocrine/exocrine gland phenotype","Adrenal Gland","Abnormality of the endocrine system","small ovary","Yes","No","No"
"461","MGI:1349421","HGNC:24669","endocrine/exocrine gland phenotype","Adrenal Gland","Abnormality of the breast","small ovary","Yes","No","No"
"462","MGI:88583","HGNC:2592","endocrine/exocrine gland phenotype","Breast - Mammary Tissue","Abnormality of the endocrine system","adrenal gland hyperplasia","Yes","No","No"
"463","MGI:88583","HGNC:2592","endocrine/exocrine gland phenotype","Breast - Mammary Tissue","Abnormality of the breast","adrenal gland hyperplasia","Yes","No","No"
"464","MGI:95583","HGNC:3969","endocrine/exocrine gland phenotype","Adrenal Gland","Abnormality of the endocrine system","small testis","Yes","No","No"
"465","MGI:95583","HGNC:3969","endocrine/exocrine gland phenotype","Adrenal Gland","Abnormality of the breast","small testis","Yes","No","No"
"466","MGI:95583","HGNC:3969","endocrine/exocrine gland phenotype","Thyroid","Abnormality of the endocrine system","decreased testis weight","Yes","No","No"
"467","MGI:95583","HGNC:3969","endocrine/exocrine gland phenotype","Thyroid","Abnormality of the breast","decreased testis weight","Yes","No","No"
"468","MGI:95583","HGNC:3969","endocrine/exocrine gland phenotype","Pituitary","Abnormality of the endocrine system","decreased testis weight","Yes","No","No"
"469","MGI:95583","HGNC:3969","endocrine/exocrine gland phenotype","Pituitary","Abnormality of the breast","decreased testis weight","Yes","No","No"
"470","MGI:95583","HGNC:3969","endocrine/exocrine gland phenotype","Adrenal Gland","Abnormality of the endocrine system","decreased testis weight","Yes","No","No"
"471","MGI:95583","HGNC:3969","endocrine/exocrine gland phenotype","Adrenal Gland","Abnormality of the breast","decreased testis weight","Yes","No","No"
"472","MGI:87986","HGNC:391","endocrine/exocrine gland phenotype","Breast - Mammary Tissue","Abnormality of the endocrine system","abnormal testis morphology","Yes","Yes","Yes"
"473","MGI:87986","HGNC:391","endocrine/exocrine gland phenotype","Breast - Mammary Tissue","Abnormality of the breast","abnormal testis morphology","Yes","Yes","Yes"
"474","MGI:1099809","HGNC:3666","endocrine/exocrine gland phenotype","Adrenal Gland","Abnormality of the endocrine system","abnormal mammary placode morphology","Yes","Yes","No"
"475","MGI:1099809","HGNC:3666","endocrine/exocrine gland phenotype","Adrenal Gland","Abnormality of the breast","abnormal mammary placode morphology","Yes","Yes","No"
"476","MGI:1099809","HGNC:3666","endocrine/exocrine gland phenotype","Pituitary","Abnormality of the endocrine system","abnormal mammary placode morphology","Yes","Yes","Yes"
"477","MGI:1099809","HGNC:3666","endocrine/exocrine gland phenotype","Pituitary","Abnormality of the breast","abnormal mammary placode morphology","Yes","Yes","Yes"
"478","MGI:1099809","HGNC:3666","endocrine/exocrine gland phenotype","Thyroid","Abnormality of the endocrine system","abnormal mammary placode morphology","Yes","Yes","Yes"
"479","MGI:1099809","HGNC:3666","endocrine/exocrine gland phenotype","Thyroid","Abnormality of the breast","abnormal mammary placode morphology","Yes","Yes","Yes"
"480","MGI:101791","HGNC:6132","endocrine/exocrine gland phenotype","Pituitary","Abnormality of the endocrine system","abnormal pancreas morphology","Yes","Yes","Yes"
"481","MGI:101791","HGNC:6132","endocrine/exocrine gland phenotype","Pituitary","Abnormality of the breast","abnormal pancreas morphology","Yes","Yes","Yes"
"482","MGI:108427","HGNC:6086","endocrine/exocrine gland phenotype","Pituitary","Abnormality of the endocrine system","small testis","Yes","Yes","No"
"483","MGI:108427","HGNC:6086","endocrine/exocrine gland phenotype","Pituitary","Abnormality of the breast","small testis","Yes","Yes","No"
"484","MGI:101791","HGNC:6132","endocrine/exocrine gland phenotype","Adrenal Gland","Abnormality of the endocrine system","abnormal pancreas morphology","Yes","No","No"
"485","MGI:101791","HGNC:6132","endocrine/exocrine gland phenotype","Adrenal Gland","Abnormality of the breast","abnormal pancreas morphology","Yes","No","No"
"486","MGI:101791","HGNC:6132","endocrine/exocrine gland phenotype","Thyroid","Abnormality of the endocrine system","abnormal pancreas morphology","Yes","Yes","No"
"487","MGI:101791","HGNC:6132","endocrine/exocrine gland phenotype","Thyroid","Abnormality of the breast","abnormal pancreas morphology","Yes","Yes","No"
"488","MGI:1099809","HGNC:3666","endocrine/exocrine gland phenotype","Breast - Mammary Tissue","Abnormality of the endocrine system","abnormal mammary placode morphology","Yes","Yes","Yes"
"489","MGI:1099809","HGNC:3666","endocrine/exocrine gland phenotype","Breast - Mammary Tissue","Abnormality of the breast","abnormal mammary placode morphology","Yes","Yes","Yes"
"490","MGI:104565","HGNC:1785","endocrine/exocrine gland phenotype","Breast - Mammary Tissue","Abnormality of the endocrine system","pituitary gland hyperplasia","Yes","Yes","Yes"
"491","MGI:104565","HGNC:1785","endocrine/exocrine gland phenotype","Breast - Mammary Tissue","Abnormality of the breast","pituitary gland hyperplasia","Yes","Yes","Yes"
"492","MGI:104565","HGNC:1785","endocrine/exocrine gland phenotype","Breast - Mammary Tissue","Abnormality of the endocrine system","increased pituitary gland tumor incidence","Yes","Yes","Yes"
"493","MGI:104565","HGNC:1785","endocrine/exocrine gland phenotype","Breast - Mammary Tissue","Abnormality of the breast","increased pituitary gland tumor incidence","Yes","Yes","Yes"
"494","MGI:88064","HGNC:644","endocrine/exocrine gland phenotype","Breast - Mammary Tissue","Abnormality of the endocrine system","decreased testis weight","Yes","Yes","Yes"
"495","MGI:88064","HGNC:644","endocrine/exocrine gland phenotype","Breast - Mammary Tissue","Abnormality of the breast","decreased testis weight","Yes","Yes","Yes"
"496","MGI:88064","HGNC:644","endocrine/exocrine gland phenotype","Breast - Mammary Tissue","Abnormality of the endocrine system","increased testis tumor incidence","Yes","Yes","Yes"
"497","MGI:88064","HGNC:644","endocrine/exocrine gland phenotype","Breast - Mammary Tissue","Abnormality of the breast","increased testis tumor incidence","Yes","Yes","Yes"
"498","MGI:88064","HGNC:644","endocrine/exocrine gland phenotype","Breast - Mammary Tissue","Abnormality of the endocrine system","abnormal testis morphology","Yes","Yes","Yes"
"499","MGI:88064","HGNC:644","endocrine/exocrine gland phenotype","Breast - Mammary Tissue","Abnormality of the breast","abnormal testis morphology","Yes","Yes","Yes"
"500","MGI:88064","HGNC:644","endocrine/exocrine gland phenotype","Breast - Mammary Tissue","Abnormality of the endocrine system","testicular atrophy","Yes","Yes","Yes"
"501","MGI:88064","HGNC:644","endocrine/exocrine gland phenotype","Breast - Mammary Tissue","Abnormality of the breast","testicular atrophy","Yes","Yes","Yes"
"502","MGI:104565","HGNC:1785","endocrine/exocrine gland phenotype","Thyroid","Abnormality of the endocrine system","enlarged pituitary gland","Yes","Yes","Yes"
"503","MGI:104565","HGNC:1785","endocrine/exocrine gland phenotype","Thyroid","Abnormality of the breast","enlarged pituitary gland","Yes","Yes","Yes"
"504","MGI:95692","HGNC:4224","endocrine/exocrine gland phenotype","Breast - Mammary Tissue","Abnormality of the endocrine system","ovary cysts","Yes","Yes","No"
"505","MGI:95692","HGNC:4224","endocrine/exocrine gland phenotype","Breast - Mammary Tissue","Abnormality of the breast","ovary cysts","Yes","Yes","No"
"506","MGI:95692","HGNC:4224","endocrine/exocrine gland phenotype","Breast - Mammary Tissue","Abnormality of the endocrine system","small ovary","Yes","Yes","No"
"507","MGI:95692","HGNC:4224","endocrine/exocrine gland phenotype","Breast - Mammary Tissue","Abnormality of the breast","small ovary","Yes","Yes","No"
"508","MGI:95692","HGNC:4224","endocrine/exocrine gland phenotype","Pituitary","Abnormality of the endocrine system","ovary cysts","Yes","Yes","Yes"
"509","MGI:95692","HGNC:4224","endocrine/exocrine gland phenotype","Pituitary","Abnormality of the breast","ovary cysts","Yes","Yes","Yes"
"510","MGI:95692","HGNC:4224","endocrine/exocrine gland phenotype","Thyroid","Abnormality of the endocrine system","ovary cysts","Yes","Yes","Yes"
"511","MGI:95692","HGNC:4224","endocrine/exocrine gland phenotype","Thyroid","Abnormality of the breast","ovary cysts","Yes","Yes","Yes"
"512","MGI:95692","HGNC:4224","endocrine/exocrine gland phenotype","Adrenal Gland","Abnormality of the endocrine system","ovary cysts","Yes","Yes","No"
"513","MGI:95692","HGNC:4224","endocrine/exocrine gland phenotype","Adrenal Gland","Abnormality of the breast","ovary cysts","Yes","Yes","No"
"514","MGI:95692","HGNC:4224","endocrine/exocrine gland phenotype","Pituitary","Abnormality of the endocrine system","abnormal ovary morphology","Yes","Yes","Yes"
"515","MGI:95692","HGNC:4224","endocrine/exocrine gland phenotype","Pituitary","Abnormality of the breast","abnormal ovary morphology","Yes","Yes","Yes"
"516","MGI:104565","HGNC:1785","endocrine/exocrine gland phenotype","Adrenal Gland","Abnormality of the endocrine system","increased pituitary gland tumor incidence","Yes","Yes","Yes"
"517","MGI:104565","HGNC:1785","endocrine/exocrine gland phenotype","Adrenal Gland","Abnormality of the breast","increased pituitary gland tumor incidence","Yes","Yes","Yes"
"518","MGI:95692","HGNC:4224","endocrine/exocrine gland phenotype","Adrenal Gland","Abnormality of the endocrine system","abnormal ovary morphology","Yes","Yes","No"
"519","MGI:95692","HGNC:4224","endocrine/exocrine gland phenotype","Adrenal Gland","Abnormality of the breast","abnormal ovary morphology","Yes","Yes","No"
"520","MGI:104565","HGNC:1785","endocrine/exocrine gland phenotype","Thyroid","Abnormality of the endocrine system","increased pituitary gland tumor incidence","Yes","Yes","Yes"
"521","MGI:104565","HGNC:1785","endocrine/exocrine gland phenotype","Thyroid","Abnormality of the breast","increased pituitary gland tumor incidence","Yes","Yes","Yes"
"522","MGI:88064","HGNC:644","endocrine/exocrine gland phenotype","Thyroid","Abnormality of the endocrine system","small testis","Yes","Yes","Yes"
"523","MGI:88064","HGNC:644","endocrine/exocrine gland phenotype","Thyroid","Abnormality of the breast","small testis","Yes","Yes","Yes"
"524","MGI:88064","HGNC:644","endocrine/exocrine gland phenotype","Pituitary","Abnormality of the endocrine system","decreased testis weight","Yes","Yes","Yes"
"525","MGI:88064","HGNC:644","endocrine/exocrine gland phenotype","Pituitary","Abnormality of the breast","decreased testis weight","Yes","Yes","Yes"
"526","MGI:88064","HGNC:644","endocrine/exocrine gland phenotype","Adrenal Gland","Abnormality of the endocrine system","decreased testis weight","Yes","Yes","Yes"
"527","MGI:88064","HGNC:644","endocrine/exocrine gland phenotype","Adrenal Gland","Abnormality of the breast","decreased testis weight","Yes","Yes","Yes"
"528","MGI:88064","HGNC:644","endocrine/exocrine gland phenotype","Thyroid","Abnormality of the endocrine system","decreased testis weight","Yes","Yes","Yes"
"529","MGI:88064","HGNC:644","endocrine/exocrine gland phenotype","Thyroid","Abnormality of the breast","decreased testis weight","Yes","Yes","Yes"
"530","MGI:95583","HGNC:3969","endocrine/exocrine gland phenotype","Breast - Mammary Tissue","Abnormality of the endocrine system","abnormal testis size","Yes","No","No"
"531","MGI:95583","HGNC:3969","endocrine/exocrine gland phenotype","Breast - Mammary Tissue","Abnormality of the breast","abnormal testis size","Yes","No","No"
"532","MGI:95583","HGNC:3969","endocrine/exocrine gland phenotype","Breast - Mammary Tissue","Abnormality of the endocrine system","small testis","Yes","No","No"
"533","MGI:95583","HGNC:3969","endocrine/exocrine gland phenotype","Breast - Mammary Tissue","Abnormality of the breast","small testis","Yes","No","No"
"534","MGI:95583","HGNC:3969","endocrine/exocrine gland phenotype","Thyroid","Abnormality of the endocrine system","abnormal testis size","Yes","No","No"
"535","MGI:95583","HGNC:3969","endocrine/exocrine gland phenotype","Thyroid","Abnormality of the breast","abnormal testis size","Yes","No","No"
"536","MGI:95583","HGNC:3969","endocrine/exocrine gland phenotype","Pituitary","Abnormality of the endocrine system","abnormal testis size","Yes","No","No"
"537","MGI:95583","HGNC:3969","endocrine/exocrine gland phenotype","Pituitary","Abnormality of the breast","abnormal testis size","Yes","No","No"
"538","MGI:1349421","HGNC:24669","endocrine/exocrine gland phenotype","Thyroid","Abnormality of the endocrine system","small ovary","Yes","No","No"
"539","MGI:1349421","HGNC:24669","endocrine/exocrine gland phenotype","Thyroid","Abnormality of the breast","small ovary","Yes","No","No"
"540","MGI:95583","HGNC:3969","endocrine/exocrine gland phenotype","Thyroid","Abnormality of the endocrine system","small testis","Yes","No","No"
"541","MGI:95583","HGNC:3969","endocrine/exocrine gland phenotype","Thyroid","Abnormality of the breast","small testis","Yes","No","No"
"542","MGI:95583","HGNC:3969","endocrine/exocrine gland phenotype","Pituitary","Abnormality of the endocrine system","small testis","Yes","No","No"
"543","MGI:95583","HGNC:3969","endocrine/exocrine gland phenotype","Pituitary","Abnormality of the breast","small testis","Yes","No","No"
"544","MGI:95692","HGNC:4224","endocrine/exocrine gland phenotype","Thyroid","Abnormality of the endocrine system","abnormal ovary morphology","Yes","Yes","Yes"
"545","MGI:95692","HGNC:4224","endocrine/exocrine gland phenotype","Thyroid","Abnormality of the breast","abnormal ovary morphology","Yes","Yes","Yes"
"546","MGI:88064","HGNC:644","endocrine/exocrine gland phenotype","Pituitary","Abnormality of the endocrine system","testicular atrophy","Yes","Yes","Yes"
"547","MGI:88064","HGNC:644","endocrine/exocrine gland phenotype","Pituitary","Abnormality of the breast","testicular atrophy","Yes","Yes","Yes"
"548","MGI:2176159","HGNC:20581","endocrine/exocrine gland phenotype","Breast - Mammary Tissue","Abnormality of the endocrine system","small testis","Yes","Yes","Yes"
"549","MGI:2176159","HGNC:20581","endocrine/exocrine gland phenotype","Breast - Mammary Tissue","Abnormality of the breast","small testis","Yes","Yes","Yes"
"550","MGI:2176159","HGNC:20581","endocrine/exocrine gland phenotype","Adrenal Gland","Abnormality of the endocrine system","small testis","Yes","Yes","Yes"
"551","MGI:2176159","HGNC:20581","endocrine/exocrine gland phenotype","Adrenal Gland","Abnormality of the breast","small testis","Yes","Yes","Yes"
"552","MGI:95583","HGNC:3969","endocrine/exocrine gland phenotype","Thyroid","Abnormality of the endocrine system","abnormal testes secretion","Yes","No","No"
"553","MGI:95583","HGNC:3969","endocrine/exocrine gland phenotype","Thyroid","Abnormality of the breast","abnormal testes secretion","Yes","No","No"
"554","MGI:88583","HGNC:2592","endocrine/exocrine gland phenotype","Thyroid","Abnormality of the endocrine system","adrenal gland hyperplasia","Yes","No","No"
"555","MGI:88583","HGNC:2592","endocrine/exocrine gland phenotype","Thyroid","Abnormality of the breast","adrenal gland hyperplasia","Yes","No","No"
"556","MGI:88583","HGNC:2592","endocrine/exocrine gland phenotype","Pituitary","Abnormality of the endocrine system","adrenal gland hyperplasia","Yes","No","No"
"557","MGI:88583","HGNC:2592","endocrine/exocrine gland phenotype","Pituitary","Abnormality of the breast","adrenal gland hyperplasia","Yes","No","No"
"558","MGI:87986","HGNC:391","endocrine/exocrine gland phenotype","Pituitary","Abnormality of the endocrine system","abnormal testis morphology","Yes","Yes","Yes"
"559","MGI:87986","HGNC:391","endocrine/exocrine gland phenotype","Pituitary","Abnormality of the breast","abnormal testis morphology","Yes","Yes","Yes"
"560","MGI:108427","HGNC:6086","endocrine/exocrine gland phenotype","Thyroid","Abnormality of the endocrine system","small testis","Yes","Yes","No"
"561","MGI:108427","HGNC:6086","endocrine/exocrine gland phenotype","Thyroid","Abnormality of the breast","small testis","Yes","Yes","No"
"562","MGI:88064","HGNC:644","endocrine/exocrine gland phenotype","Adrenal Gland","Abnormality of the endocrine system","increased testis tumor incidence","Yes","Yes","Yes"
"563","MGI:88064","HGNC:644","endocrine/exocrine gland phenotype","Adrenal Gland","Abnormality of the breast","increased testis tumor incidence","Yes","Yes","Yes"
"564","MGI:88064","HGNC:644","endocrine/exocrine gland phenotype","Thyroid","Abnormality of the endocrine system","increased testis tumor incidence","Yes","Yes","Yes"
"565","MGI:88064","HGNC:644","endocrine/exocrine gland phenotype","Thyroid","Abnormality of the breast","increased testis tumor incidence","Yes","Yes","Yes"
"566","MGI:108427","HGNC:6086","endocrine/exocrine gland phenotype","Adrenal Gland","Abnormality of the endocrine system","small testis","Yes","Yes","No"
"567","MGI:108427","HGNC:6086","endocrine/exocrine gland phenotype","Adrenal Gland","Abnormality of the breast","small testis","Yes","Yes","No"
"568","MGI:88064","HGNC:644","endocrine/exocrine gland phenotype","Adrenal Gland","Abnormality of the endocrine system","abnormal testis morphology","Yes","Yes","Yes"
"569","MGI:88064","HGNC:644","endocrine/exocrine gland phenotype","Adrenal Gland","Abnormality of the breast","abnormal testis morphology","Yes","Yes","Yes"
"570","MGI:95692","HGNC:4224","endocrine/exocrine gland phenotype","Adrenal Gland","Abnormality of the endocrine system","small ovary","Yes","Yes","No"
"571","MGI:95692","HGNC:4224","endocrine/exocrine gland phenotype","Adrenal Gland","Abnormality of the breast","small ovary","Yes","Yes","No"
"572","MGI:88064","HGNC:644","endocrine/exocrine gland phenotype","Thyroid","Abnormality of the endocrine system","abnormal testis morphology","Yes","Yes","Yes"
"573","MGI:88064","HGNC:644","endocrine/exocrine gland phenotype","Thyroid","Abnormality of the breast","abnormal testis morphology","Yes","Yes","Yes"
"574","MGI:95692","HGNC:4224","endocrine/exocrine gland phenotype","Pituitary","Abnormality of the endocrine system","small ovary","Yes","Yes","Yes"
"575","MGI:95692","HGNC:4224","endocrine/exocrine gland phenotype","Pituitary","Abnormality of the breast","small ovary","Yes","Yes","Yes"
"576","MGI:95692","HGNC:4224","endocrine/exocrine gland phenotype","Thyroid","Abnormality of the endocrine system","small ovary","Yes","Yes","Yes"
"577","MGI:95692","HGNC:4224","endocrine/exocrine gland phenotype","Thyroid","Abnormality of the breast","small ovary","Yes","Yes","Yes"
"578","MGI:88064","HGNC:644","endocrine/exocrine gland phenotype","Pituitary","Abnormality of the endocrine system","increased testis tumor incidence","Yes","Yes","Yes"
"579","MGI:88064","HGNC:644","endocrine/exocrine gland phenotype","Pituitary","Abnormality of the breast","increased testis tumor incidence","Yes","Yes","Yes"
"580","MGI:88064","HGNC:644","endocrine/exocrine gland phenotype","Adrenal Gland","Abnormality of the endocrine system","small testis","Yes","Yes","Yes"
"581","MGI:88064","HGNC:644","endocrine/exocrine gland phenotype","Adrenal Gland","Abnormality of the breast","small testis","Yes","Yes","Yes"
"582","MGI:95692","HGNC:4224","endocrine/exocrine gland phenotype","Breast - Mammary Tissue","Abnormality of the endocrine system","abnormal ovary morphology","Yes","Yes","No"
"583","MGI:95692","HGNC:4224","endocrine/exocrine gland phenotype","Breast - Mammary Tissue","Abnormality of the breast","abnormal ovary morphology","Yes","Yes","No"
"584","MGI:88064","HGNC:644","endocrine/exocrine gland phenotype","Breast - Mammary Tissue","Abnormality of the endocrine system","small testis","Yes","Yes","Yes"
"585","MGI:88064","HGNC:644","endocrine/exocrine gland phenotype","Breast - Mammary Tissue","Abnormality of the breast","small testis","Yes","Yes","Yes"
"586","MGI:107430","HGNC:4232","endocrine/exocrine gland phenotype","Adrenal Gland","Abnormality of the endocrine system","abnormal ovary topology","Yes","Yes","No"
"587","MGI:107430","HGNC:4232","endocrine/exocrine gland phenotype","Adrenal Gland","Abnormality of the breast","abnormal ovary topology","Yes","Yes","No"
"588","MGI:107430","HGNC:4232","endocrine/exocrine gland phenotype","Thyroid","Abnormality of the endocrine system","abnormal ovary topology","Yes","No","No"
"589","MGI:107430","HGNC:4232","endocrine/exocrine gland phenotype","Thyroid","Abnormality of the breast","abnormal ovary topology","Yes","No","No"
"590","MGI:107430","HGNC:4232","endocrine/exocrine gland phenotype","Pituitary","Abnormality of the endocrine system","abnormal ovary topology","Yes","Yes","No"
"591","MGI:107430","HGNC:4232","endocrine/exocrine gland phenotype","Pituitary","Abnormality of the breast","abnormal ovary topology","Yes","Yes","No"
"592","MGI:88064","HGNC:644","endocrine/exocrine gland phenotype","Pituitary","Abnormality of the endocrine system","abnormal testis morphology","Yes","Yes","Yes"
"593","MGI:88064","HGNC:644","endocrine/exocrine gland phenotype","Pituitary","Abnormality of the breast","abnormal testis morphology","Yes","Yes","Yes"
"594","MGI:88064","HGNC:644","endocrine/exocrine gland phenotype","Adrenal Gland","Abnormality of the endocrine system","testicular atrophy","Yes","Yes","Yes"
"595","MGI:88064","HGNC:644","endocrine/exocrine gland phenotype","Adrenal Gland","Abnormality of the breast","testicular atrophy","Yes","Yes","Yes"
"596","MGI:88064","HGNC:644","endocrine/exocrine gland phenotype","Thyroid","Abnormality of the endocrine system","testicular atrophy","Yes","Yes","Yes"
"597","MGI:88064","HGNC:644","endocrine/exocrine gland phenotype","Thyroid","Abnormality of the breast","testicular atrophy","Yes","Yes","Yes"
"598","MGI:2176159","HGNC:20581","endocrine/exocrine gland phenotype","Pituitary","Abnormality of the endocrine system","small testis","Yes","Yes","Yes"
"599","MGI:2176159","HGNC:20581","endocrine/exocrine gland phenotype","Pituitary","Abnormality of the breast","small testis","Yes","Yes","Yes"
"600","MGI:95583","HGNC:3969","endocrine/exocrine gland phenotype","Pituitary","Abnormality of the endocrine system","abnormal testes secretion","Yes","No","No"
"601","MGI:95583","HGNC:3969","endocrine/exocrine gland phenotype","Pituitary","Abnormality of the breast","abnormal testes secretion","Yes","No","No"
"602","MGI:95583","HGNC:3969","endocrine/exocrine gland phenotype","Breast - Mammary Tissue","Abnormality of the endocrine system","abnormal testes secretion","Yes","No","No"
"603","MGI:95583","HGNC:3969","endocrine/exocrine gland phenotype","Breast - Mammary Tissue","Abnormality of the breast","abnormal testes secretion","Yes","No","No"
"604","MGI:107430","HGNC:4232","endocrine/exocrine gland phenotype","Breast - Mammary Tissue","Abnormality of the endocrine system","abnormal ovary topology","Yes","Yes","No"
"605","MGI:107430","HGNC:4232","endocrine/exocrine gland phenotype","Breast - Mammary Tissue","Abnormality of the breast","abnormal ovary topology","Yes","Yes","No"
"606","MGI:87986","HGNC:391","endocrine/exocrine gland phenotype","Adrenal Gland","Abnormality of the endocrine system","abnormal testis morphology","Yes","Yes","Yes"
"607","MGI:87986","HGNC:391","endocrine/exocrine gland phenotype","Adrenal Gland","Abnormality of the breast","abnormal testis morphology","Yes","Yes","Yes"
"608","MGI:95583","HGNC:3969","endocrine/exocrine gland phenotype","Breast - Mammary Tissue","Abnormality of the endocrine system","decreased testis weight","Yes","No","No"
"609","MGI:95583","HGNC:3969","endocrine/exocrine gland phenotype","Breast - Mammary Tissue","Abnormality of the breast","decreased testis weight","Yes","No","No"
"610","MGI:95583","HGNC:3969","endocrine/exocrine gland phenotype","Adrenal Gland","Abnormality of the endocrine system","abnormal testis size","Yes","No","No"
"611","MGI:95583","HGNC:3969","endocrine/exocrine gland phenotype","Adrenal Gland","Abnormality of the breast","abnormal testis size","Yes","No","No"
"612","MGI:95583","HGNC:3969","endocrine/exocrine gland phenotype","Adrenal Gland","Abnormality of the endocrine system","abnormal testes secretion","Yes","No","No"
"613","MGI:95583","HGNC:3969","endocrine/exocrine gland phenotype","Adrenal Gland","Abnormality of the breast","abnormal testes secretion","Yes","No","No"
"614","MGI:108427","HGNC:6086","endocrine/exocrine gland phenotype","Breast - Mammary Tissue","Abnormality of the endocrine system","small testis","Yes","Yes","No"
"615","MGI:108427","HGNC:6086","endocrine/exocrine gland phenotype","Breast - Mammary Tissue","Abnormality of the breast","small testis","Yes","Yes","No"
"616","MGI:88064","HGNC:644","endocrine/exocrine gland phenotype","Pituitary","Abnormality of the endocrine system","small testis","Yes","Yes","Yes"
"617","MGI:88064","HGNC:644","endocrine/exocrine gland phenotype","Pituitary","Abnormality of the breast","small testis","Yes","Yes","Yes"
"618","MGI:2176159","HGNC:20581","endocrine/exocrine gland phenotype","Thyroid","Abnormality of the endocrine system","small testis","Yes","Yes","Yes"
"619","MGI:2176159","HGNC:20581","endocrine/exocrine gland phenotype","Thyroid","Abnormality of the breast","small testis","Yes","Yes","Yes"
"620","MGI:87986","HGNC:391","endocrine/exocrine gland phenotype","Thyroid","Abnormality of the endocrine system","abnormal testis morphology","Yes","Yes","Yes"
"621","MGI:87986","HGNC:391","endocrine/exocrine gland phenotype","Thyroid","Abnormality of the breast","abnormal testis morphology","Yes","Yes","Yes"
"622","MGI:88276","HGNC:2514","growth/size/body region phenotype","Muscle - Skeletal","Abnormality of the skeletal system","abnormal head morphology","Yes","Yes","Yes"
"623","MGI:88276","HGNC:2514","growth/size/body region phenotype","Muscle - Skeletal","Growth abnormality","abnormal head morphology","Yes","Yes","Yes"
"624","MGI:88276","HGNC:2514","growth/size/body region phenotype","Muscle - Skeletal","Abnormality of prenatal development or birth","abnormal head morphology","Yes","Yes","Yes"
"625","MGI:95522","HGNC:3688","growth/size/body region phenotype","Muscle - Skeletal","Abnormality of the skeletal system","abnormal embryo size","Yes","Yes","Yes"
"626","MGI:95522","HGNC:3688","growth/size/body region phenotype","Muscle - Skeletal","Growth abnormality","abnormal embryo size","Yes","Yes","Yes"
"627","MGI:95522","HGNC:3688","growth/size/body region phenotype","Muscle - Skeletal","Abnormality of prenatal development or birth","abnormal embryo size","Yes","Yes","Yes"
"628","MGI:96257","HGNC:5273","growth/size/body region phenotype","Muscle - Skeletal","Abnormality of the skeletal system","decreased embryo size","Yes","Yes","Yes"
"629","MGI:96257","HGNC:5273","growth/size/body region phenotype","Muscle - Skeletal","Growth abnormality","decreased embryo size","Yes","Yes","Yes"
"630","MGI:96257","HGNC:5273","growth/size/body region phenotype","Muscle - Skeletal","Abnormality of prenatal development or birth","decreased embryo size","Yes","Yes","Yes"
"631","MGI:88276","HGNC:2514","growth/size/body region phenotype","Muscle - Skeletal","Abnormality of the skeletal system","broad head","Yes","Yes","Yes"
"632","MGI:88276","HGNC:2514","growth/size/body region phenotype","Muscle - Skeletal","Growth abnormality","broad head","Yes","Yes","Yes"
"633","MGI:88276","HGNC:2514","growth/size/body region phenotype","Muscle - Skeletal","Abnormality of prenatal development or birth","broad head","Yes","Yes","Yes"
"634","MGI:95566","HGNC:3778","growth/size/body region phenotype","Muscle - Skeletal","Abnormality of the skeletal system","head mesenchyme hypoplasia","Yes","Yes","Yes"
"635","MGI:95566","HGNC:3778","growth/size/body region phenotype","Muscle - Skeletal","Growth abnormality","head mesenchyme hypoplasia","Yes","Yes","Yes"
"636","MGI:95566","HGNC:3778","growth/size/body region phenotype","Muscle - Skeletal","Abnormality of prenatal development or birth","head mesenchyme hypoplasia","Yes","Yes","Yes"
"637","MGI:1099809","HGNC:3666","growth/size/body region phenotype","Muscle - Skeletal","Abnormality of the skeletal system","tongue ankylosis","Yes","Yes","No"
"638","MGI:1099809","HGNC:3666","growth/size/body region phenotype","Muscle - Skeletal","Growth abnormality","tongue ankylosis","Yes","Yes","No"
"639","MGI:1099809","HGNC:3666","growth/size/body region phenotype","Muscle - Skeletal","Abnormality of prenatal development or birth","tongue ankylosis","Yes","Yes","No"
"640","MGI:96242","HGNC:5261","growth/size/body region phenotype","Muscle - Skeletal","Abnormality of the skeletal system","decreased embryo size","Yes","Yes","Yes"
"641","MGI:96242","HGNC:5261","growth/size/body region phenotype","Muscle - Skeletal","Growth abnormality","decreased embryo size","Yes","Yes","Yes"
"642","MGI:96242","HGNC:5261","growth/size/body region phenotype","Muscle - Skeletal","Abnormality of prenatal development or birth","decreased embryo size","Yes","Yes","Yes"
"643","MGI:88180","HGNC:1071","growth/size/body region phenotype","Muscle - Skeletal","Abnormality of the skeletal system","abnormal head mesenchyme morphology","Yes","Yes","Yes"
"644","MGI:88180","HGNC:1071","growth/size/body region phenotype","Muscle - Skeletal","Growth abnormality","abnormal head mesenchyme morphology","Yes","Yes","Yes"
"645","MGI:88180","HGNC:1071","growth/size/body region phenotype","Muscle - Skeletal","Abnormality of prenatal development or birth","abnormal head mesenchyme morphology","Yes","Yes","Yes"
"646","MGI:1099809","HGNC:3666","growth/size/body region phenotype","Muscle - Skeletal","Abnormality of the skeletal system","abnormal tongue morphology","Yes","Yes","No"
"647","MGI:1099809","HGNC:3666","growth/size/body region phenotype","Muscle - Skeletal","Growth abnormality","abnormal tongue morphology","Yes","Yes","No"
"648","MGI:1099809","HGNC:3666","growth/size/body region phenotype","Muscle - Skeletal","Abnormality of prenatal development or birth","abnormal tongue morphology","Yes","Yes","No"
"649","MGI:99560","HGNC:5125","growth/size/body region phenotype","Muscle - Skeletal","Abnormality of the skeletal system","abnormal filiform papillae morphology","No","No","No"
"650","MGI:99560","HGNC:5125","growth/size/body region phenotype","Muscle - Skeletal","Growth abnormality","abnormal filiform papillae morphology","No","No","No"
"651","MGI:99560","HGNC:5125","growth/size/body region phenotype","Muscle - Skeletal","Abnormality of prenatal development or birth","abnormal filiform papillae morphology","No","No","No"
"652","MGI:1347464","HGNC:3811","growth/size/body region phenotype","Muscle - Skeletal","Abnormality of the skeletal system","abnormal olfactory epithelium morphology","Yes","No","No"
"653","MGI:1347464","HGNC:3811","growth/size/body region phenotype","Muscle - Skeletal","Growth abnormality","abnormal olfactory epithelium morphology","Yes","No","No"
"654","MGI:1347464","HGNC:3811","growth/size/body region phenotype","Muscle - Skeletal","Abnormality of prenatal development or birth","abnormal olfactory epithelium morphology","Yes","No","No"
"655","MGI:109337","HGNC:1101","growth/size/body region phenotype","Muscle - Skeletal","Abnormality of the skeletal system","decreased embryo size","Yes","No","No"
"656","MGI:109337","HGNC:1101","growth/size/body region phenotype","Muscle - Skeletal","Growth abnormality","decreased embryo size","Yes","No","No"
"657","MGI:109337","HGNC:1101","growth/size/body region phenotype","Muscle - Skeletal","Abnormality of prenatal development or birth","decreased embryo size","Yes","No","No"
"658","MGI:88177","HGNC:1069","growth/size/body region phenotype","Muscle - Skeletal","Abnormality of the skeletal system","decreased embryo size","Yes","Yes","Yes"
"659","MGI:88177","HGNC:1069","growth/size/body region phenotype","Muscle - Skeletal","Growth abnormality","decreased embryo size","Yes","Yes","Yes"
"660","MGI:88177","HGNC:1069","growth/size/body region phenotype","Muscle - Skeletal","Abnormality of prenatal development or birth","decreased embryo size","Yes","Yes","Yes"
"661","MGI:88276","HGNC:2514","growth/size/body region phenotype","Muscle - Skeletal","Abnormality of the skeletal system","microcephaly","Yes","Yes","Yes"
"662","MGI:88276","HGNC:2514","growth/size/body region phenotype","Muscle - Skeletal","Growth abnormality","microcephaly","Yes","Yes","Yes"
"663","MGI:88276","HGNC:2514","growth/size/body region phenotype","Muscle - Skeletal","Abnormality of prenatal development or birth","microcephaly","Yes","Yes","Yes"
"664","MGI:2679260","HGNC:18688","growth/size/body region phenotype","Muscle - Skeletal","Abnormality of the skeletal system","increased embryo size","Yes","No","No"
"665","MGI:2679260","HGNC:18688","growth/size/body region phenotype","Muscle - Skeletal","Growth abnormality","increased embryo size","Yes","No","No"
"666","MGI:2679260","HGNC:18688","growth/size/body region phenotype","Muscle - Skeletal","Abnormality of prenatal development or birth","increased embryo size","Yes","No","No"
"667","MGI:1306784","HGNC:1987","growth/size/body region phenotype","Muscle - Skeletal","Abnormality of the skeletal system","decreased embryo size","Yes","Yes","Yes"
"668","MGI:1306784","HGNC:1987","growth/size/body region phenotype","Muscle - Skeletal","Growth abnormality","decreased embryo size","Yes","Yes","Yes"
"669","MGI:1306784","HGNC:1987","growth/size/body region phenotype","Muscle - Skeletal","Abnormality of prenatal development or birth","decreased embryo size","Yes","Yes","Yes"
"670","MGI:2177178","HGNC:17098","growth/size/body region phenotype","Muscle - Skeletal","Abnormality of the skeletal system","decreased embryo size","Yes","Yes","Yes"
"671","MGI:2177178","HGNC:17098","growth/size/body region phenotype","Muscle - Skeletal","Growth abnormality","decreased embryo size","Yes","Yes","Yes"
"672","MGI:2177178","HGNC:17098","growth/size/body region phenotype","Muscle - Skeletal","Abnormality of prenatal development or birth","decreased embryo size","Yes","Yes","Yes"
"673","MGI:96067","HGNC:4851","growth/size/body region phenotype","Muscle - Skeletal","Abnormality of the skeletal system","decreased embryo size","No","Yes","Yes"
"674","MGI:96067","HGNC:4851","growth/size/body region phenotype","Muscle - Skeletal","Growth abnormality","decreased embryo size","No","Yes","Yes"
"675","MGI:96067","HGNC:4851","growth/size/body region phenotype","Muscle - Skeletal","Abnormality of prenatal development or birth","decreased embryo size","No","Yes","Yes"
"676","MGI:1916147","HGNC:19711","growth/size/body region phenotype","Muscle - Skeletal","Abnormality of the skeletal system","decreased embryo size","Yes","Yes","Yes"
"677","MGI:1916147","HGNC:19711","growth/size/body region phenotype","Muscle - Skeletal","Growth abnormality","decreased embryo size","Yes","Yes","Yes"
"678","MGI:1916147","HGNC:19711","growth/size/body region phenotype","Muscle - Skeletal","Abnormality of prenatal development or birth","decreased embryo size","Yes","Yes","Yes"
"679","MGI:1935147","HGNC:11110","growth/size/body region phenotype","Muscle - Skeletal","Abnormality of the skeletal system","decreased embryo size","Yes","Yes","Yes"
"680","MGI:1935147","HGNC:11110","growth/size/body region phenotype","Muscle - Skeletal","Growth abnormality","decreased embryo size","Yes","Yes","Yes"
"681","MGI:1935147","HGNC:11110","growth/size/body region phenotype","Muscle - Skeletal","Abnormality of prenatal development or birth","decreased embryo size","Yes","Yes","Yes"
"682","MGI:88276","HGNC:2514","growth/size/body region phenotype","Muscle - Skeletal","Abnormality of the skeletal system","abnormal head size","Yes","Yes","Yes"
"683","MGI:88276","HGNC:2514","growth/size/body region phenotype","Muscle - Skeletal","Growth abnormality","abnormal head size","Yes","Yes","Yes"
"684","MGI:88276","HGNC:2514","growth/size/body region phenotype","Muscle - Skeletal","Abnormality of prenatal development or birth","abnormal head size","Yes","Yes","Yes"
"685","MGI:95664","HGNC:4173","growth/size/body region phenotype","Muscle - Skeletal","Abnormality of the skeletal system","decreased embryo size","Yes","No","No"
"686","MGI:95664","HGNC:4173","growth/size/body region phenotype","Muscle - Skeletal","Growth abnormality","decreased embryo size","Yes","No","No"
"687","MGI:95664","HGNC:4173","growth/size/body region phenotype","Muscle - Skeletal","Abnormality of prenatal development or birth","decreased embryo size","Yes","No","No"
"688","MGI:1334448","HGNC:19048","growth/size/body region phenotype","Muscle - Skeletal","Abnormality of the skeletal system","microcephaly","Yes","No","No"
"689","MGI:1334448","HGNC:19048","growth/size/body region phenotype","Muscle - Skeletal","Growth abnormality","microcephaly","Yes","No","No"
"690","MGI:1334448","HGNC:19048","growth/size/body region phenotype","Muscle - Skeletal","Abnormality of prenatal development or birth","microcephaly","Yes","No","No"
"691","MGI:95526","HGNC:3694","growth/size/body region phenotype","Muscle - Skeletal","Abnormality of the skeletal system","decreased embryo size","Yes","No","No"
"692","MGI:95526","HGNC:3694","growth/size/body region phenotype","Muscle - Skeletal","Growth abnormality","decreased embryo size","Yes","No","No"
"693","MGI:95526","HGNC:3694","growth/size/body region phenotype","Muscle - Skeletal","Abnormality of prenatal development or birth","decreased embryo size","Yes","No","No"
"694","MGI:102551","HGNC:1591","growth/size/body region phenotype","Muscle - Skeletal","Abnormality of the skeletal system","decreased embryo size","No","Yes","Yes"
"695","MGI:102551","HGNC:1591","growth/size/body region phenotype","Muscle - Skeletal","Growth abnormality","decreased embryo size","No","Yes","Yes"
"696","MGI:102551","HGNC:1591","growth/size/body region phenotype","Muscle - Skeletal","Abnormality of prenatal development or birth","decreased embryo size","No","Yes","Yes"
"697","MGI:95522","HGNC:3688","growth/size/body region phenotype","Muscle - Skeletal","Abnormality of the skeletal system","decreased embryo size","Yes","Yes","Yes"
"698","MGI:95522","HGNC:3688","growth/size/body region phenotype","Muscle - Skeletal","Growth abnormality","decreased embryo size","Yes","Yes","Yes"
"699","MGI:95522","HGNC:3688","growth/size/body region phenotype","Muscle - Skeletal","Abnormality of prenatal development or birth","decreased embryo size","Yes","Yes","Yes"
"700","MGI:109172","HGNC:3054","growth/size/body region phenotype","Muscle - Skeletal","Abnormality of the skeletal system","abnormal dentin morphology","Yes","No","No"
"701","MGI:109172","HGNC:3054","growth/size/body region phenotype","Muscle - Skeletal","Growth abnormality","abnormal dentin morphology","Yes","No","No"
"702","MGI:109172","HGNC:3054","growth/size/body region phenotype","Muscle - Skeletal","Abnormality of prenatal development or birth","abnormal dentin morphology","Yes","No","No"
"703","MGI:109172","HGNC:3054","growth/size/body region phenotype","Muscle - Skeletal","Abnormality of the skeletal system","abnormal predentin morphology","Yes","No","No"
"704","MGI:109172","HGNC:3054","growth/size/body region phenotype","Muscle - Skeletal","Growth abnormality","abnormal predentin morphology","Yes","No","No"
"705","MGI:109172","HGNC:3054","growth/size/body region phenotype","Muscle - Skeletal","Abnormality of prenatal development or birth","abnormal predentin morphology","Yes","No","No"
"706","MGI:1276116","HGNC:3373","growth/size/body region phenotype","Muscle - Skeletal","Abnormality of the skeletal system","decreased embryo size","Yes","Yes","Yes"
"707","MGI:1276116","HGNC:3373","growth/size/body region phenotype","Muscle - Skeletal","Growth abnormality","decreased embryo size","Yes","Yes","Yes"
"708","MGI:1276116","HGNC:3373","growth/size/body region phenotype","Muscle - Skeletal","Abnormality of prenatal development or birth","decreased embryo size","Yes","Yes","Yes"
"709","MGI:1270862","HGNC:904","growth/size/body region phenotype","Muscle - Skeletal","Abnormality of the skeletal system","abnormal embryo size","Yes","Yes","Yes"
"710","MGI:1270862","HGNC:904","growth/size/body region phenotype","Muscle - Skeletal","Growth abnormality","abnormal embryo size","Yes","Yes","Yes"
"711","MGI:1270862","HGNC:904","growth/size/body region phenotype","Muscle - Skeletal","Abnormality of prenatal development or birth","abnormal embryo size","Yes","Yes","Yes"
"712","MGI:95522","HGNC:3688","growth/size/body region phenotype","Muscle - Skeletal","Abnormality of the skeletal system","abnormal head mesenchyme morphology","No","Yes","Yes"
"713","MGI:95522","HGNC:3688","growth/size/body region phenotype","Muscle - Skeletal","Growth abnormality","abnormal head mesenchyme morphology","No","Yes","Yes"
"714","MGI:95522","HGNC:3688","growth/size/body region phenotype","Muscle - Skeletal","Abnormality of prenatal development or birth","abnormal head mesenchyme morphology","No","Yes","Yes"
"715","MGI:95661","HGNC:4170","hematopoietic system phenotype","Whole Blood","Abnormality of blood and blood-forming tissues","decreased hematocrit","Yes","Yes","Yes"
"716","MGI:95408","HGNC:3416","hematopoietic system phenotype","Whole Blood","Abnormality of blood and blood-forming tissues","increased hemoglobin content","No","Yes","Yes"
"717","MGI:95408","HGNC:3416","hematopoietic system phenotype","Whole Blood","Abnormality of blood and blood-forming tissues","decreased hematocrit","No","Yes","Yes"
"718","MGI:2444881","HGNC:24682","hematopoietic system phenotype","Whole Blood","Abnormality of blood and blood-forming tissues","enlarged spleen","Yes","Yes","Yes"
"719","MGI:2444881","HGNC:24682","hematopoietic system phenotype","Whole Blood","Abnormality of blood and blood-forming tissues","abnormal spleen morphology","Yes","Yes","Yes"
"720","MGI:96434","HGNC:5466","homeostasis/metabolism phenotype","Whole Blood","Abnormality of metabolism/homeostasis","abnormal circulating hormone level","Yes","Yes","No"
"721","MGI:96433","HGNC:5465","homeostasis/metabolism phenotype","Whole Blood","Abnormality of metabolism/homeostasis","hydrops fetalis","Yes","Yes","Yes"
"722","MGI:1306784","HGNC:1987","homeostasis/metabolism phenotype","Whole Blood","Abnormality of metabolism/homeostasis","hydrops fetalis","Yes","Yes","Yes"
"723","MGI:88452","HGNC:2200","homeostasis/metabolism phenotype","Whole Blood","Abnormality of metabolism/homeostasis","cyanosis","Yes","No","No"
"724","MGI:1298387","HGNC:3702","homeostasis/metabolism phenotype","Whole Blood","Abnormality of metabolism/homeostasis","decreased response of heart to induced stress","Yes","Yes","Yes"
"725","MGI:95661","HGNC:4170","homeostasis/metabolism phenotype","Whole Blood","Abnormality of metabolism/homeostasis","decreased circulating interleukin-4 level","Yes","Yes","Yes"
"726","MGI:95661","HGNC:4170","homeostasis/metabolism phenotype","Whole Blood","Abnormality of metabolism/homeostasis","decreased circulating interleukin-13 level","Yes","Yes","Yes"
"727","MGI:96537","HGNC:5962","homeostasis/metabolism phenotype","Whole Blood","Abnormality of metabolism/homeostasis","increased liver triglyceride level","Yes","Yes","Yes"
"728","MGI:95662","HGNC:4171","homeostasis/metabolism phenotype","Whole Blood","Abnormality of metabolism/homeostasis","decreased blood urea nitrogen level","Yes","Yes","No"
"729","MGI:95664","HGNC:4173","homeostasis/metabolism phenotype","Whole Blood","Abnormality of metabolism/homeostasis","hydrops fetalis","Yes","No","No"
"730","MGI:102720","HGNC:3180","homeostasis/metabolism phenotype","Whole Blood","Abnormality of metabolism/homeostasis","decreased response of heart to induced stress","Yes","Yes","No"
"731","MGI:95661","HGNC:4170","immune system phenotype","Spleen","Abnormality of the immune system","decreased circulating interleukin-4 level","Yes","Yes","Yes"
"732","MGI:2444881","HGNC:24682","immune system phenotype","Spleen","Abnormality of the immune system","enlarged spleen","Yes","Yes","Yes"
"733","MGI:88450","HGNC:2194","immune system phenotype","Spleen","Abnormality of the immune system","skin inflammation","Yes","Yes","Yes"
"734","MGI:1330812","HGNC:119","immune system phenotype","Spleen","Abnormality of the immune system","liver inflammation","No","Yes","Yes"
"735","MGI:95482","HGNC:3579","immune system phenotype","Spleen","Abnormality of the immune system","liver inflammation","Yes","Yes","Yes"
"736","MGI:95561","HGNC:3767","immune system phenotype","Spleen","Abnormality of the immune system","absent lymphatic vessels","Yes","Yes","Yes"
"737","MGI:96537","HGNC:5962","immune system phenotype","Spleen","Abnormality of the immune system","colitis","Yes","Yes","Yes"
"738","MGI:95561","HGNC:3767","immune system phenotype","Spleen","Abnormality of the immune system","abnormal lymphatic vessel morphology","Yes","Yes","Yes"
"739","MGI:95661","HGNC:4170","immune system phenotype","Spleen","Abnormality of the immune system","decreased circulating interleukin-13 level","Yes","Yes","Yes"
"740","MGI:2444881","HGNC:24682","immune system phenotype","Spleen","Abnormality of the immune system","abnormal spleen morphology","Yes","Yes","Yes"
"741","MGI:88467","HGNC:2197","immune system phenotype","Spleen","Abnormality of the immune system","lung inflammation","Yes","Yes","Yes"
"742","MGI:1931001","HGNC:14341","integument phenotype","Skin - Not Sun Exposed (Suprapubic)","Abnormality of the integument","thin skin","No","Yes","Yes"
"743","MGI:95294","HGNC:3236","integument phenotype","Skin - Not Sun Exposed (Suprapubic)","Abnormality of the integument","thin epidermis","Yes","Yes","Yes"
"744","MGI:96223","HGNC:5172","integument phenotype","Skin - Sun Exposed (Lower leg)","Abnormality of the integument","loose skin","Yes","Yes","Yes"
"745","MGI:1931001","HGNC:14341","integument phenotype","Skin - Sun Exposed (Lower leg)","Abnormality of the integument","thin skin","No","Yes","Yes"
"746","MGI:95489","HGNC:3603","integument phenotype","Skin - Sun Exposed (Lower leg)","Abnormality of the integument","skin fibrosis","Yes","Yes","Yes"
"747","MGI:104556","HGNC:1784","integument phenotype","Skin - Not Sun Exposed (Suprapubic)","Abnormality of the integument","increased skin tumor incidence","Yes","Yes","Yes"
"748","MGI:1195272","HGNC:3157","integument phenotype","Skin - Not Sun Exposed (Suprapubic)","Abnormality of the integument","thin epidermis","Yes","Yes","Yes"
"749","MGI:104627","HGNC:1090","integument phenotype","Skin - Sun Exposed (Lower leg)","Abnormality of the integument","abnormal skin pigmentation","Yes","Yes","Yes"
"750","MGI:1931001","HGNC:14341","integument phenotype","Skin - Sun Exposed (Lower leg)","Abnormality of the integument","abnormal skin morphology","No","Yes","Yes"
"751","MGI:88354","HGNC:1748","integument phenotype","Skin - Sun Exposed (Lower leg)","Abnormality of the integument","pallor","Yes","Yes","Yes"
"752","MGI:96223","HGNC:5172","integument phenotype","Skin - Not Sun Exposed (Suprapubic)","Abnormality of the integument","loose skin","Yes","Yes","Yes"
"753","MGI:95294","HGNC:3236","integument phenotype","Skin - Sun Exposed (Lower leg)","Abnormality of the integument","thin epidermis","Yes","Yes","Yes"
"754","MGI:88354","HGNC:1748","integument phenotype","Skin - Not Sun Exposed (Suprapubic)","Abnormality of the integument","pallor","Yes","Yes","Yes"
"755","MGI:1931001","HGNC:14341","integument phenotype","Skin - Not Sun Exposed (Suprapubic)","Abnormality of the integument","abnormal skin morphology","No","Yes","Yes"
"756","MGI:96223","HGNC:5172","integument phenotype","Skin - Sun Exposed (Lower leg)","Abnormality of the integument","skin hyperplasia","Yes","Yes","Yes"
"757","MGI:1933331","HGNC:14415","integument phenotype","Skin - Not Sun Exposed (Suprapubic)","Abnormality of the integument","shiny skin","Yes","Yes","Yes"
"758","MGI:96223","HGNC:5172","integument phenotype","Skin - Not Sun Exposed (Suprapubic)","Abnormality of the integument","wrinkled skin","Yes","Yes","Yes"
"759","MGI:96223","HGNC:5172","integument phenotype","Skin - Sun Exposed (Lower leg)","Abnormality of the integument","wrinkled skin","Yes","Yes","Yes"
"760","MGI:96223","HGNC:5172","integument phenotype","Skin - Not Sun Exposed (Suprapubic)","Abnormality of the integument","thick skin","Yes","Yes","Yes"
"761","MGI:95523","HGNC:3689","integument phenotype","Skin - Sun Exposed (Lower leg)","Abnormality of the integument","thin skin","Yes","Yes","Yes"
"762","MGI:95489","HGNC:3603","integument phenotype","Skin - Sun Exposed (Lower leg)","Abnormality of the integument","abnormal skin morphology","Yes","Yes","Yes"
"763","MGI:95294","HGNC:3236","integument phenotype","Skin - Sun Exposed (Lower leg)","Abnormality of the integument","thick epidermis","Yes","Yes","Yes"
"764","MGI:95489","HGNC:3603","integument phenotype","Skin - Sun Exposed (Lower leg)","Abnormality of the integument","abnormal skin tensile strength","Yes","Yes","Yes"
"765","MGI:104627","HGNC:1090","integument phenotype","Skin - Not Sun Exposed (Suprapubic)","Abnormality of the integument","abnormal skin pigmentation","Yes","Yes","Yes"
"766","MGI:88450","HGNC:2194","integument phenotype","Skin - Sun Exposed (Lower leg)","Abnormality of the integument","abnormal skin morphology","Yes","Yes","Yes"
"767","MGI:95489","HGNC:3603","integument phenotype","Skin - Not Sun Exposed (Suprapubic)","Abnormality of the integument","abnormal skin morphology","Yes","Yes","Yes"
"768","MGI:1933331","HGNC:14415","integument phenotype","Skin - Sun Exposed (Lower leg)","Abnormality of the integument","reddish skin","Yes","Yes","Yes"
"769","MGI:1195272","HGNC:3157","integument phenotype","Skin - Sun Exposed (Lower leg)","Abnormality of the integument","thin epidermis","Yes","Yes","Yes"
"770","MGI:96223","HGNC:5172","integument phenotype","Skin - Not Sun Exposed (Suprapubic)","Abnormality of the integument","translucent skin","Yes","Yes","Yes"
"771","MGI:1933331","HGNC:14415","integument phenotype","Skin - Sun Exposed (Lower leg)","Abnormality of the integument","shiny skin","Yes","Yes","Yes"
"772","MGI:95489","HGNC:3603","integument phenotype","Skin - Not Sun Exposed (Suprapubic)","Abnormality of the integument","skin fibrosis","Yes","Yes","Yes"
"773","MGI:1195272","HGNC:3157","integument phenotype","Skin - Not Sun Exposed (Suprapubic)","Abnormality of the integument","abnormal hair follicle melanocyte morphology","Yes","Yes","Yes"
"774","MGI:88467","HGNC:2197","integument phenotype","Skin - Sun Exposed (Lower leg)","Abnormality of the integument","decreased skin tensile strength","Yes","Yes","Yes"
"775","MGI:95523","HGNC:3689","integument phenotype","Skin - Not Sun Exposed (Suprapubic)","Abnormality of the integument","thin skin","Yes","Yes","Yes"
"776","MGI:96223","HGNC:5172","integument phenotype","Skin - Not Sun Exposed (Suprapubic)","Abnormality of the integument","thin skin","Yes","Yes","Yes"
"777","MGI:95489","HGNC:3603","integument phenotype","Skin - Not Sun Exposed (Suprapubic)","Abnormality of the integument","tight skin","Yes","Yes","Yes"
"778","MGI:1099809","HGNC:3666","integument phenotype","Skin - Sun Exposed (Lower leg)","Abnormality of the integument","abnormal mammary placode morphology","Yes","Yes","No"
"779","MGI:96223","HGNC:5172","integument phenotype","Skin - Sun Exposed (Lower leg)","Abnormality of the integument","thin skin","Yes","Yes","Yes"
"780","MGI:96223","HGNC:5172","integument phenotype","Skin - Sun Exposed (Lower leg)","Abnormality of the integument","abnormal skin morphology","Yes","Yes","Yes"
"781","MGI:95489","HGNC:3603","integument phenotype","Skin - Not Sun Exposed (Suprapubic)","Abnormality of the integument","thick skin","Yes","Yes","Yes"
"782","MGI:1933331","HGNC:14415","integument phenotype","Skin - Not Sun Exposed (Suprapubic)","Abnormality of the integument","reddish skin","Yes","Yes","Yes"
"783","MGI:104556","HGNC:1784","integument phenotype","Skin - Sun Exposed (Lower leg)","Abnormality of the integument","increased skin tumor incidence","Yes","Yes","Yes"
"784","MGI:88467","HGNC:2197","integument phenotype","Skin - Not Sun Exposed (Suprapubic)","Abnormality of the integument","decreased skin tensile strength","Yes","Yes","Yes"
"785","MGI:95523","HGNC:3689","integument phenotype","Skin - Sun Exposed (Lower leg)","Abnormality of the integument","abnormal skin morphology","Yes","Yes","Yes"
"786","MGI:88450","HGNC:2194","integument phenotype","Skin - Sun Exposed (Lower leg)","Abnormality of the integument","skin inflammation","Yes","Yes","Yes"
"787","MGI:88467","HGNC:2197","integument phenotype","Skin - Not Sun Exposed (Suprapubic)","Abnormality of the integument","skin hyperplasia","Yes","Yes","Yes"
"788","MGI:95294","HGNC:3236","integument phenotype","Skin - Not Sun Exposed (Suprapubic)","Abnormality of the integument","abnormal epidermal layer morphology","Yes","Yes","Yes"
"789","MGI:1343498","HGNC:2895","integument phenotype","Skin - Not Sun Exposed (Suprapubic)","Abnormality of the integument","abnormal hair follicle morphology","Yes","Yes","Yes"
"790","MGI:95489","HGNC:3603","integument phenotype","Skin - Not Sun Exposed (Suprapubic)","Abnormality of the integument","abnormal skin turgor","Yes","Yes","Yes"
"791","MGI:1099809","HGNC:3666","integument phenotype","Skin - Not Sun Exposed (Suprapubic)","Abnormality of the integument","abnormal mammary placode morphology","Yes","Yes","No"
"792","MGI:96223","HGNC:5172","integument phenotype","Skin - Not Sun Exposed (Suprapubic)","Abnormality of the integument","skin lesions","Yes","Yes","Yes"
"793","MGI:95489","HGNC:3603","integument phenotype","Skin - Sun Exposed (Lower leg)","Abnormality of the integument","abnormal skin physiology","Yes","Yes","Yes"
"794","MGI:95489","HGNC:3603","integument phenotype","Skin - Not Sun Exposed (Suprapubic)","Abnormality of the integument","abnormal skin physiology","Yes","Yes","Yes"
"795","MGI:95489","HGNC:3603","integument phenotype","Skin - Not Sun Exposed (Suprapubic)","Abnormality of the integument","abnormal skin tensile strength","Yes","Yes","Yes"
"796","MGI:96223","HGNC:5172","integument phenotype","Skin - Sun Exposed (Lower leg)","Abnormality of the integument","translucent skin","Yes","Yes","Yes"
"797","MGI:88467","HGNC:2197","integument phenotype","Skin - Sun Exposed (Lower leg)","Abnormality of the integument","skin hyperplasia","Yes","Yes","Yes"
"798","MGI:95489","HGNC:3603","integument phenotype","Skin - Sun Exposed (Lower leg)","Abnormality of the integument","thick skin","Yes","Yes","Yes"
"799","MGI:88450","HGNC:2194","integument phenotype","Skin - Not Sun Exposed (Suprapubic)","Abnormality of the integument","abnormal skin morphology","Yes","Yes","Yes"
"800","MGI:1195272","HGNC:3157","integument phenotype","Skin - Sun Exposed (Lower leg)","Abnormality of the integument","abnormal hair follicle melanocyte morphology","Yes","Yes","Yes"
"801","MGI:95294","HGNC:3236","integument phenotype","Skin - Sun Exposed (Lower leg)","Abnormality of the integument","abnormal epidermal layer morphology","Yes","Yes","Yes"
"802","MGI:1931001","HGNC:14341","integument phenotype","Skin - Sun Exposed (Lower leg)","Abnormality of the integument","pallor","No","Yes","Yes"
"803","MGI:95489","HGNC:3603","integument phenotype","Skin - Sun Exposed (Lower leg)","Abnormality of the integument","tight skin","Yes","Yes","Yes"
"804","MGI:1276109","HGNC:2032","integument phenotype","Skin - Sun Exposed (Lower leg)","Abnormality of the integument","wrinkled skin","Yes","Yes","Yes"
"805","MGI:96223","HGNC:5172","integument phenotype","Skin - Not Sun Exposed (Suprapubic)","Abnormality of the integument","abnormal skin morphology","Yes","Yes","Yes"
"806","MGI:95489","HGNC:3603","integument phenotype","Skin - Sun Exposed (Lower leg)","Abnormality of the integument","abnormal skin turgor","Yes","Yes","Yes"
"807","MGI:1343498","HGNC:2895","integument phenotype","Skin - Not Sun Exposed (Suprapubic)","Abnormality of the integument","absent hair follicles","Yes","Yes","Yes"
"808","MGI:96223","HGNC:5172","integument phenotype","Skin - Sun Exposed (Lower leg)","Abnormality of the integument","flaky skin","Yes","Yes","Yes"
"809","MGI:1343498","HGNC:2895","integument phenotype","Skin - Sun Exposed (Lower leg)","Abnormality of the integument","absent hair follicles","Yes","Yes","Yes"
"810","MGI:96223","HGNC:5172","integument phenotype","Skin - Not Sun Exposed (Suprapubic)","Abnormality of the integument","flaky skin","Yes","Yes","Yes"
"811","MGI:95294","HGNC:3236","integument phenotype","Skin - Not Sun Exposed (Suprapubic)","Abnormality of the integument","thick epidermis","Yes","Yes","Yes"
"812","MGI:1931001","HGNC:14341","integument phenotype","Skin - Sun Exposed (Lower leg)","Abnormality of the integument","abnormal skin pigmentation","No","Yes","Yes"
"813","MGI:1931001","HGNC:14341","integument phenotype","Skin - Not Sun Exposed (Suprapubic)","Abnormality of the integument","abnormal skin pigmentation","No","Yes","Yes"
"814","MGI:96223","HGNC:5172","integument phenotype","Skin - Sun Exposed (Lower leg)","Abnormality of the integument","thick skin","Yes","Yes","Yes"
"815","MGI:3505689","HGNC:1802","integument phenotype","Skin - Not Sun Exposed (Suprapubic)","Abnormality of the integument","abnormal epidermal layer morphology","Yes","Yes","Yes"
"816","MGI:2670972","HGNC:23399","integument phenotype","Skin - Not Sun Exposed (Suprapubic)","Abnormality of the integument","abnormal epidermal layer morphology","Yes","Yes","Yes"
"817","MGI:96223","HGNC:5172","integument phenotype","Skin - Sun Exposed (Lower leg)","Abnormality of the integument","skin lesions","Yes","Yes","Yes"
"818","MGI:1931001","HGNC:14341","integument phenotype","Skin - Not Sun Exposed (Suprapubic)","Abnormality of the integument","pallor","No","Yes","Yes"
"819","MGI:95523","HGNC:3689","integument phenotype","Skin - Sun Exposed (Lower leg)","Abnormality of the integument","decreased skin pigmentation","Yes","Yes","Yes"
"820","MGI:88450","HGNC:2194","integument phenotype","Skin - Not Sun Exposed (Suprapubic)","Abnormality of the integument","skin lesions","Yes","Yes","Yes"
"821","MGI:95523","HGNC:3689","integument phenotype","Skin - Not Sun Exposed (Suprapubic)","Abnormality of the integument","decreased skin pigmentation","Yes","Yes","Yes"
"822","MGI:1933331","HGNC:14415","integument phenotype","Skin - Not Sun Exposed (Suprapubic)","Abnormality of the integument","thin skin","Yes","Yes","Yes"
"823","MGI:88450","HGNC:2194","integument phenotype","Skin - Not Sun Exposed (Suprapubic)","Abnormality of the integument","skin inflammation","Yes","Yes","Yes"
"824","MGI:88276","HGNC:2514","integument phenotype","Skin - Not Sun Exposed (Suprapubic)","Abnormality of the integument","absent hair follicles","Yes","Yes","Yes"
"825","MGI:96223","HGNC:5172","integument phenotype","Skin - Not Sun Exposed (Suprapubic)","Abnormality of the integument","shiny skin","Yes","Yes","Yes"
"826","MGI:1276109","HGNC:2032","integument phenotype","Skin - Not Sun Exposed (Suprapubic)","Abnormality of the integument","wrinkled skin","Yes","Yes","Yes"
"827","MGI:3505689","HGNC:1802","integument phenotype","Skin - Sun Exposed (Lower leg)","Abnormality of the integument","abnormal epidermal layer morphology","Yes","Yes","Yes"
"828","MGI:96223","HGNC:5172","integument phenotype","Skin - Not Sun Exposed (Suprapubic)","Abnormality of the integument","skin hyperplasia","Yes","Yes","Yes"
"829","MGI:104556","HGNC:1784","integument phenotype","Skin - Not Sun Exposed (Suprapubic)","Abnormality of the integument","abnormal skin physiology","Yes","Yes","Yes"
"830","MGI:88276","HGNC:2514","integument phenotype","Skin - Sun Exposed (Lower leg)","Abnormality of the integument","absent hair follicles","Yes","Yes","Yes"
"831","MGI:96223","HGNC:5172","integument phenotype","Skin - Sun Exposed (Lower leg)","Abnormality of the integument","shiny skin","Yes","Yes","Yes"
"832","MGI:1343498","HGNC:2895","integument phenotype","Skin - Sun Exposed (Lower leg)","Abnormality of the integument","abnormal hair follicle morphology","Yes","Yes","Yes"
"833","MGI:2670972","HGNC:23399","integument phenotype","Skin - Sun Exposed (Lower leg)","Abnormality of the integument","abnormal epidermal layer morphology","Yes","Yes","Yes"
"834","MGI:88450","HGNC:2194","integument phenotype","Skin - Sun Exposed (Lower leg)","Abnormality of the integument","skin lesions","Yes","Yes","Yes"
"835","MGI:88467","HGNC:2197","integument phenotype","Skin - Not Sun Exposed (Suprapubic)","Abnormality of the integument","thick skin","Yes","Yes","Yes"
"836","MGI:88276","HGNC:2514","integument phenotype","Skin - Not Sun Exposed (Suprapubic)","Abnormality of the integument","increased hair follicle apoptosis","Yes","Yes","Yes"
"837","MGI:104556","HGNC:1784","integument phenotype","Skin - Sun Exposed (Lower leg)","Abnormality of the integument","abnormal skin physiology","Yes","Yes","Yes"
"838","MGI:95523","HGNC:3689","integument phenotype","Skin - Sun Exposed (Lower leg)","Abnormality of the integument","translucent skin","Yes","Yes","Yes"
"839","MGI:88276","HGNC:2514","integument phenotype","Skin - Sun Exposed (Lower leg)","Abnormality of the integument","decreased hair follicle number","Yes","Yes","Yes"
"840","MGI:88467","HGNC:2197","integument phenotype","Skin - Sun Exposed (Lower leg)","Abnormality of the integument","thick skin","Yes","Yes","Yes"
"841","MGI:88276","HGNC:2514","integument phenotype","Skin - Sun Exposed (Lower leg)","Abnormality of the integument","increased hair follicle apoptosis","Yes","Yes","Yes"
"842","MGI:95523","HGNC:3689","integument phenotype","Skin - Not Sun Exposed (Suprapubic)","Abnormality of the integument","abnormal skin morphology","Yes","Yes","Yes"
"843","MGI:1933331","HGNC:14415","integument phenotype","Skin - Sun Exposed (Lower leg)","Abnormality of the integument","thin skin","Yes","Yes","Yes"
"844","MGI:88276","HGNC:2514","integument phenotype","Skin - Not Sun Exposed (Suprapubic)","Abnormality of the integument","decreased hair follicle number","Yes","Yes","Yes"
"845","MGI:95523","HGNC:3689","integument phenotype","Skin - Not Sun Exposed (Suprapubic)","Abnormality of the integument","translucent skin","Yes","Yes","Yes"
"846","MGI:1861942","HGNC:4661","liver/biliary system phenotype","Esophagus - Gastroesophageal Junction","Abnormality of the digestive system","increased liver tumor incidence","Yes","Yes","Yes"
"847","MGI:95482","HGNC:3579","liver/biliary system phenotype","Liver","Abnormality of the digestive system","abnormal liver physiology","Yes","Yes","Yes"
"848","MGI:1330812","HGNC:119","liver/biliary system phenotype","Spleen","Abnormality of the digestive system","pale liver","No","Yes","Yes"
"849","MGI:98715","HGNC:20606","liver/biliary system phenotype","Liver","Abnormality of the digestive system","abnormal liver morphology","Yes","Yes","Yes"
"850","MGI:1330812","HGNC:119","liver/biliary system phenotype","Liver","Abnormality of the digestive system","pale liver","No","Yes","Yes"
"851","MGI:98715","HGNC:20606","liver/biliary system phenotype","Small Intestine - Terminal Ileum","Abnormality of the digestive system","liver fibrosis","Yes","Yes","Yes"
"852","MGI:1926923","HGNC:13815","liver/biliary system phenotype","Stomach","Abnormality of the digestive system","hepatic steatosis","No","Yes","No"
"853","MGI:1330812","HGNC:119","liver/biliary system phenotype","Pancreas","Abnormality of the digestive system","pale liver","No","Yes","Yes"
"854","MGI:95482","HGNC:3579","liver/biliary system phenotype","Spleen","Abnormality of the digestive system","pale liver","Yes","Yes","Yes"
"855","MGI:98715","HGNC:20606","liver/biliary system phenotype","Esophagus - Gastroesophageal Junction","Abnormality of the digestive system","liver fibrosis","Yes","Yes","Yes"
"856","MGI:95513","HGNC:3647","liver/biliary system phenotype","Colon - Transverse","Abnormality of the digestive system","increased liver weight","Yes","Yes","Yes"
"857","MGI:98715","HGNC:20606","liver/biliary system phenotype","Esophagus - Muscularis","Abnormality of the digestive system","liver fibrosis","Yes","Yes","Yes"
"858","MGI:95554","HGNC:3749","liver/biliary system phenotype","Small Intestine - Terminal Ileum","Abnormality of the digestive system","small liver","Yes","Yes","Yes"
"859","MGI:1330812","HGNC:119","liver/biliary system phenotype","Pancreas","Abnormality of the digestive system","enlarged liver","No","Yes","Yes"
"860","MGI:95482","HGNC:3579","liver/biliary system phenotype","Esophagus - Gastroesophageal Junction","Abnormality of the digestive system","pale liver","Yes","Yes","Yes"
"861","MGI:2151233","HGNC:3003","liver/biliary system phenotype","Small Intestine - Terminal Ileum","Abnormality of the digestive system","liver degeneration","No","Yes","Yes"
"862","MGI:95554","HGNC:3749","liver/biliary system phenotype","Spleen","Abnormality of the digestive system","small liver","Yes","Yes","Yes"
"863","MGI:98715","HGNC:20606","liver/biliary system phenotype","Colon - Transverse","Abnormality of the digestive system","liver fibrosis","Yes","Yes","Yes"
"864","MGI:95482","HGNC:3579","liver/biliary system phenotype","Colon - Sigmoid","Abnormality of the digestive system","pale liver","Yes","Yes","Yes"
"865","MGI:98715","HGNC:20606","liver/biliary system phenotype","Esophagus - Mucosa","Abnormality of the digestive system","abnormal liver morphology","Yes","Yes","Yes"
"866","MGI:95554","HGNC:3749","liver/biliary system phenotype","Liver","Abnormality of the digestive system","small liver","Yes","Yes","Yes"
"867","MGI:106091","HGNC:2651","liver/biliary system phenotype","Esophagus - Mucosa","Abnormality of the digestive system","abnormal liver physiology","Yes","No","No"
"868","MGI:95554","HGNC:3749","liver/biliary system phenotype","Colon - Transverse","Abnormality of the digestive system","small liver","Yes","Yes","Yes"
"869","MGI:98715","HGNC:20606","liver/biliary system phenotype","Stomach","Abnormality of the digestive system","liver fibrosis","Yes","Yes","Yes"
"870","MGI:1330812","HGNC:119","liver/biliary system phenotype","Esophagus - Mucosa","Abnormality of the digestive system","abnormal liver physiology","No","Yes","Yes"
"871","MGI:1330812","HGNC:119","liver/biliary system phenotype","Colon - Sigmoid","Abnormality of the digestive system","enlarged liver","No","Yes","Yes"
"872","MGI:96575","HGNC:6091","liver/biliary system phenotype","Small Intestine - Terminal Ileum","Abnormality of the digestive system","abnormal liver physiology","Yes","Yes","Yes"
"873","MGI:96435","HGNC:5467","liver/biliary system phenotype","Stomach","Abnormality of the digestive system","liver hyperplasia","No","Yes","Yes"
"874","MGI:95482","HGNC:3579","liver/biliary system phenotype","Colon - Transverse","Abnormality of the digestive system","pale liver","Yes","Yes","Yes"
"875","MGI:95482","HGNC:3579","liver/biliary system phenotype","Stomach","Abnormality of the digestive system","abnormal liver physiology","Yes","Yes","Yes"
"876","MGI:1330812","HGNC:119","liver/biliary system phenotype","Spleen","Abnormality of the digestive system","abnormal liver physiology","No","Yes","Yes"
"877","MGI:1330812","HGNC:119","liver/biliary system phenotype","Colon - Transverse","Abnormality of the digestive system","enlarged liver","No","Yes","Yes"
"878","MGI:96435","HGNC:5467","liver/biliary system phenotype","Pancreas","Abnormality of the digestive system","liver hyperplasia","No","Yes","Yes"
"879","MGI:1330812","HGNC:119","liver/biliary system phenotype","Colon - Transverse","Abnormality of the digestive system","pale liver","No","Yes","Yes"
"880","MGI:1861942","HGNC:4661","liver/biliary system phenotype","Stomach","Abnormality of the digestive system","increased liver tumor incidence","Yes","Yes","Yes"
"881","MGI:1861942","HGNC:4661","liver/biliary system phenotype","Spleen","Abnormality of the digestive system","increased liver tumor incidence","Yes","Yes","Yes"
"882","MGI:95513","HGNC:3647","liver/biliary system phenotype","Spleen","Abnormality of the digestive system","increased liver weight","Yes","Yes","Yes"
"883","MGI:95482","HGNC:3579","liver/biliary system phenotype","Stomach","Abnormality of the digestive system","pale liver","Yes","Yes","Yes"
"884","MGI:88070","HGNC:663","liver/biliary system phenotype","Esophagus - Gastroesophageal Junction","Abnormality of the digestive system","pale liver","No","Yes","No"
"885","MGI:88070","HGNC:663","liver/biliary system phenotype","Esophagus - Mucosa","Abnormality of the digestive system","pale liver","No","Yes","No"
"886","MGI:1926923","HGNC:13815","liver/biliary system phenotype","Colon - Sigmoid","Abnormality of the digestive system","hepatic steatosis","No","Yes","Yes"
"887","MGI:95482","HGNC:3579","liver/biliary system phenotype","Esophagus - Mucosa","Abnormality of the digestive system","abnormal liver physiology","Yes","Yes","Yes"
"888","MGI:1330812","HGNC:119","liver/biliary system phenotype","Stomach","Abnormality of the digestive system","abnormal liver physiology","No","Yes","Yes"
"889","MGI:1330812","HGNC:119","liver/biliary system phenotype","Stomach","Abnormality of the digestive system","enlarged liver","No","Yes","Yes"
"890","MGI:95554","HGNC:3749","liver/biliary system phenotype","Colon - Sigmoid","Abnormality of the digestive system","small liver","Yes","Yes","Yes"
"891","MGI:1330812","HGNC:119","liver/biliary system phenotype","Stomach","Abnormality of the digestive system","pale liver","No","Yes","Yes"
"892","MGI:95482","HGNC:3579","liver/biliary system phenotype","Esophagus - Mucosa","Abnormality of the digestive system","increased liver tumor incidence","Yes","Yes","Yes"
"893","MGI:1330812","HGNC:119","liver/biliary system phenotype","Esophagus - Muscularis","Abnormality of the digestive system","abnormal liver physiology","No","Yes","Yes"
"894","MGI:88070","HGNC:663","liver/biliary system phenotype","Colon - Transverse","Abnormality of the digestive system","pale liver","No","Yes","No"
"895","MGI:1861942","HGNC:4661","liver/biliary system phenotype","Esophagus - Muscularis","Abnormality of the digestive system","increased liver tumor incidence","Yes","Yes","Yes"
"896","MGI:106091","HGNC:2651","liver/biliary system phenotype","Spleen","Abnormality of the digestive system","abnormal liver morphology","Yes","Yes","No"
"897","MGI:95482","HGNC:3579","liver/biliary system phenotype","Pancreas","Abnormality of the digestive system","pale liver","Yes","Yes","Yes"
"898","MGI:88070","HGNC:663","liver/biliary system phenotype","Pancreas","Abnormality of the digestive system","pale liver","No","Yes","No"
"899","MGI:1330812","HGNC:119","liver/biliary system phenotype","Small Intestine - Terminal Ileum","Abnormality of the digestive system","enlarged liver","No","Yes","Yes"
"900","MGI:95482","HGNC:3579","liver/biliary system phenotype","Esophagus - Muscularis","Abnormality of the digestive system","abnormal liver physiology","Yes","Yes","Yes"
"901","MGI:95482","HGNC:3579","liver/biliary system phenotype","Pancreas","Abnormality of the digestive system","abnormal liver physiology","Yes","Yes","Yes"
"902","MGI:1330812","HGNC:119","liver/biliary system phenotype","Liver","Abnormality of the digestive system","abnormal liver physiology","No","Yes","Yes"
"903","MGI:1330812","HGNC:119","liver/biliary system phenotype","Esophagus - Gastroesophageal Junction","Abnormality of the digestive system","pale liver","No","Yes","Yes"
"904","MGI:1330812","HGNC:119","liver/biliary system phenotype","Pancreas","Abnormality of the digestive system","abnormal liver physiology","No","Yes","Yes"
"905","MGI:106091","HGNC:2651","liver/biliary system phenotype","Colon - Sigmoid","Abnormality of the digestive system","abnormal liver physiology","Yes","No","No"
"906","MGI:95482","HGNC:3579","liver/biliary system phenotype","Esophagus - Gastroesophageal Junction","Abnormality of the digestive system","liver failure","Yes","Yes","Yes"
"907","MGI:95482","HGNC:3579","liver/biliary system phenotype","Spleen","Abnormality of the digestive system","liver failure","Yes","Yes","Yes"
"908","MGI:95482","HGNC:3579","liver/biliary system phenotype","Small Intestine - Terminal Ileum","Abnormality of the digestive system","pale liver","Yes","Yes","Yes"
"909","MGI:1330812","HGNC:119","liver/biliary system phenotype","Small Intestine - Terminal Ileum","Abnormality of the digestive system","abnormal liver physiology","No","Yes","Yes"
"910","MGI:1861942","HGNC:4661","liver/biliary system phenotype","Small Intestine - Terminal Ileum","Abnormality of the digestive system","increased liver tumor incidence","Yes","Yes","Yes"
"911","MGI:1861942","HGNC:4661","liver/biliary system phenotype","Colon - Transverse","Abnormality of the digestive system","increased liver weight","Yes","Yes","Yes"
"912","MGI:1861942","HGNC:4661","liver/biliary system phenotype","Esophagus - Mucosa","Abnormality of the digestive system","increased liver weight","Yes","Yes","Yes"
"913","MGI:95554","HGNC:3749","liver/biliary system phenotype","Esophagus - Gastroesophageal Junction","Abnormality of the digestive system","small liver","Yes","Yes","Yes"
"914","MGI:1330812","HGNC:119","liver/biliary system phenotype","Esophagus - Gastroesophageal Junction","Abnormality of the digestive system","abnormal liver physiology","No","Yes","Yes"
"915","MGI:2151233","HGNC:3003","liver/biliary system phenotype","Spleen","Abnormality of the digestive system","liver degeneration","No","Yes","Yes"
"916","MGI:95554","HGNC:3749","liver/biliary system phenotype","Stomach","Abnormality of the digestive system","small liver","Yes","Yes","Yes"
"917","MGI:98715","HGNC:20606","liver/biliary system phenotype","Colon - Sigmoid","Abnormality of the digestive system","liver fibrosis","Yes","Yes","Yes"
"918","MGI:98715","HGNC:20606","liver/biliary system phenotype","Pancreas","Abnormality of the digestive system","liver fibrosis","Yes","Yes","Yes"
"919","MGI:96537","HGNC:5962","liver/biliary system phenotype","Pancreas","Abnormality of the digestive system","increased liver triglyceride level","Yes","Yes","No"
"920","MGI:2151233","HGNC:3003","liver/biliary system phenotype","Esophagus - Gastroesophageal Junction","Abnormality of the digestive system","liver degeneration","No","Yes","Yes"
"921","MGI:1330812","HGNC:119","liver/biliary system phenotype","Esophagus - Muscularis","Abnormality of the digestive system","enlarged liver","No","Yes","Yes"
"922","MGI:96537","HGNC:5962","liver/biliary system phenotype","Esophagus - Mucosa","Abnormality of the digestive system","increased liver triglyceride level","Yes","Yes","No"
"923","MGI:1926923","HGNC:13815","liver/biliary system phenotype","Colon - Transverse","Abnormality of the digestive system","hepatic steatosis","No","Yes","Yes"
"924","MGI:95554","HGNC:3749","liver/biliary system phenotype","Pancreas","Abnormality of the digestive system","small liver","Yes","Yes","Yes"
"925","MGI:95482","HGNC:3579","liver/biliary system phenotype","Esophagus - Muscularis","Abnormality of the digestive system","pale liver","Yes","Yes","Yes"
"926","MGI:88070","HGNC:663","liver/biliary system phenotype","Spleen","Abnormality of the digestive system","pale liver","No","Yes","Yes"
"927","MGI:1330812","HGNC:119","liver/biliary system phenotype","Small Intestine - Terminal Ileum","Abnormality of the digestive system","pale liver","No","Yes","Yes"
"928","MGI:95554","HGNC:3749","liver/biliary system phenotype","Esophagus - Mucosa","Abnormality of the digestive system","small liver","Yes","Yes","Yes"
"929","MGI:1330812","HGNC:119","liver/biliary system phenotype","Small Intestine - Terminal Ileum","Abnormality of the digestive system","abnormal liver morphology","No","Yes","Yes"
"930","MGI:1861942","HGNC:4661","liver/biliary system phenotype","Esophagus - Muscularis","Abnormality of the digestive system","increased liver weight","Yes","Yes","Yes"
"931","MGI:95554","HGNC:3749","liver/biliary system phenotype","Esophagus - Muscularis","Abnormality of the digestive system","small liver","Yes","Yes","Yes"
"932","MGI:1330812","HGNC:119","liver/biliary system phenotype","Colon - Transverse","Abnormality of the digestive system","abnormal liver physiology","No","Yes","Yes"
"933","MGI:88070","HGNC:663","liver/biliary system phenotype","Liver","Abnormality of the digestive system","pale liver","No","Yes","Yes"
"934","MGI:98715","HGNC:20606","liver/biliary system phenotype","Stomach","Abnormality of the digestive system","abnormal liver morphology","Yes","Yes","Yes"
"935","MGI:88070","HGNC:663","liver/biliary system phenotype","Colon - Sigmoid","Abnormality of the digestive system","pale liver","No","Yes","No"
"936","MGI:96537","HGNC:5962","liver/biliary system phenotype","Small Intestine - Terminal Ileum","Abnormality of the digestive system","increased liver triglyceride level","Yes","Yes","Yes"
"937","MGI:1330812","HGNC:119","liver/biliary system phenotype","Spleen","Abnormality of the digestive system","enlarged liver","No","Yes","Yes"
"938","MGI:96537","HGNC:5962","liver/biliary system phenotype","Spleen","Abnormality of the digestive system","increased liver triglyceride level","Yes","Yes","Yes"
"939","MGI:95482","HGNC:3579","liver/biliary system phenotype","Esophagus - Mucosa","Abnormality of the digestive system","pale liver","Yes","Yes","Yes"
"940","MGI:95482","HGNC:3579","liver/biliary system phenotype","Liver","Abnormality of the digestive system","pale liver","Yes","Yes","Yes"
"941","MGI:1330812","HGNC:119","liver/biliary system phenotype","Small Intestine - Terminal Ileum","Abnormality of the digestive system","liver inflammation","No","Yes","Yes"
"942","MGI:1861942","HGNC:4661","liver/biliary system phenotype","Spleen","Abnormality of the digestive system","increased liver weight","Yes","Yes","Yes"
"943","MGI:95482","HGNC:3579","liver/biliary system phenotype","Spleen","Abnormality of the digestive system","abnormal liver physiology","Yes","Yes","Yes"
"944","MGI:2151233","HGNC:3003","liver/biliary system phenotype","Esophagus - Mucosa","Abnormality of the digestive system","liver degeneration","No","Yes","Yes"
"945","MGI:95482","HGNC:3579","liver/biliary system phenotype","Colon - Sigmoid","Abnormality of the digestive system","liver failure","Yes","Yes","Yes"
"946","MGI:88070","HGNC:663","liver/biliary system phenotype","Pancreas","Abnormality of the digestive system","enlarged liver","No","Yes","No"
"947","MGI:106091","HGNC:2651","liver/biliary system phenotype","Colon - Transverse","Abnormality of the digestive system","abnormal liver physiology","Yes","No","No"
"948","MGI:95482","HGNC:3579","liver/biliary system phenotype","Stomach","Abnormality of the digestive system","liver failure","Yes","Yes","Yes"
"949","MGI:88070","HGNC:663","liver/biliary system phenotype","Esophagus - Gastroesophageal Junction","Abnormality of the digestive system","abnormal liver morphology","No","Yes","No"
"950","MGI:1330812","HGNC:119","liver/biliary system phenotype","Esophagus - Gastroesophageal Junction","Abnormality of the digestive system","increased liver weight","No","Yes","Yes"
"951","MGI:1330812","HGNC:119","liver/biliary system phenotype","Stomach","Abnormality of the digestive system","increased liver weight","No","Yes","Yes"
"952","MGI:1330812","HGNC:119","liver/biliary system phenotype","Liver","Abnormality of the digestive system","enlarged liver","No","Yes","Yes"
"953","MGI:1330812","HGNC:119","liver/biliary system phenotype","Esophagus - Mucosa","Abnormality of the digestive system","enlarged liver","No","Yes","Yes"
"954","MGI:1861942","HGNC:4661","liver/biliary system phenotype","Stomach","Abnormality of the digestive system","increased liver weight","Yes","Yes","Yes"
"955","MGI:95482","HGNC:3579","liver/biliary system phenotype","Colon - Transverse","Abnormality of the digestive system","liver inflammation","Yes","Yes","Yes"
"956","MGI:95513","HGNC:3647","liver/biliary system phenotype","Small Intestine - Terminal Ileum","Abnormality of the digestive system","increased liver weight","Yes","Yes","Yes"
"957","MGI:95513","HGNC:3647","liver/biliary system phenotype","Esophagus - Gastroesophageal Junction","Abnormality of the digestive system","increased liver weight","Yes","Yes","Yes"
"958","MGI:95482","HGNC:3579","liver/biliary system phenotype","Colon - Sigmoid","Abnormality of the digestive system","liver inflammation","Yes","Yes","Yes"
"959","MGI:95482","HGNC:3579","liver/biliary system phenotype","Esophagus - Gastroesophageal Junction","Abnormality of the digestive system","liver inflammation","Yes","Yes","Yes"
"960","MGI:95482","HGNC:3579","liver/biliary system phenotype","Spleen","Abnormality of the digestive system","liver inflammation","Yes","Yes","Yes"
"961","MGI:95482","HGNC:3579","liver/biliary system phenotype","Stomach","Abnormality of the digestive system","liver inflammation","Yes","Yes","Yes"
"962","MGI:1330812","HGNC:119","liver/biliary system phenotype","Esophagus - Muscularis","Abnormality of the digestive system","pale liver","No","Yes","Yes"
"963","MGI:95482","HGNC:3579","liver/biliary system phenotype","Esophagus - Mucosa","Abnormality of the digestive system","liver inflammation","Yes","Yes","Yes"
"964","MGI:96575","HGNC:6091","liver/biliary system phenotype","Colon - Sigmoid","Abnormality of the digestive system","hepatic steatosis","Yes","Yes","Yes"
"965","MGI:95554","HGNC:3749","liver/biliary system phenotype","Esophagus - Mucosa","Abnormality of the digestive system","pale liver","Yes","Yes","Yes"
"966","MGI:95554","HGNC:3749","liver/biliary system phenotype","Esophagus - Gastroesophageal Junction","Abnormality of the digestive system","pale liver","Yes","Yes","Yes"
"967","MGI:95513","HGNC:3647","liver/biliary system phenotype","Liver","Abnormality of the digestive system","increased liver weight","Yes","Yes","Yes"
"968","MGI:95513","HGNC:3647","liver/biliary system phenotype","Esophagus - Muscularis","Abnormality of the digestive system","increased liver weight","Yes","Yes","Yes"
"969","MGI:95482","HGNC:3579","liver/biliary system phenotype","Small Intestine - Terminal Ileum","Abnormality of the digestive system","liver failure","Yes","Yes","Yes"
"970","MGI:1330812","HGNC:119","liver/biliary system phenotype","Colon - Sigmoid","Abnormality of the digestive system","liver inflammation","No","Yes","Yes"
"971","MGI:95482","HGNC:3579","liver/biliary system phenotype","Stomach","Abnormality of the digestive system","increased liver tumor incidence","Yes","Yes","Yes"
"972","MGI:88070","HGNC:663","liver/biliary system phenotype","Esophagus - Muscularis","Abnormality of the digestive system","pale liver","No","Yes","No"
"973","MGI:1861942","HGNC:4661","liver/biliary system phenotype","Esophagus - Gastroesophageal Junction","Abnormality of the digestive system","increased liver weight","Yes","Yes","Yes"
"974","MGI:95513","HGNC:3647","liver/biliary system phenotype","Pancreas","Abnormality of the digestive system","increased liver weight","Yes","Yes","Yes"
"975","MGI:98715","HGNC:20606","liver/biliary system phenotype","Small Intestine - Terminal Ileum","Abnormality of the digestive system","abnormal liver morphology","Yes","Yes","Yes"
"976","MGI:88070","HGNC:663","liver/biliary system phenotype","Stomach","Abnormality of the digestive system","pale liver","No","Yes","No"
"977","MGI:88070","HGNC:663","liver/biliary system phenotype","Pancreas","Abnormality of the digestive system","abnormal liver morphology","No","Yes","No"
"978","MGI:95482","HGNC:3579","liver/biliary system phenotype","Liver","Abnormality of the digestive system","liver inflammation","Yes","Yes","Yes"
"979","MGI:95482","HGNC:3579","liver/biliary system phenotype","Small Intestine - Terminal Ileum","Abnormality of the digestive system","increased liver tumor incidence","Yes","Yes","Yes"
"980","MGI:95554","HGNC:3749","liver/biliary system phenotype","Stomach","Abnormality of the digestive system","pale liver","Yes","Yes","Yes"
"981","MGI:1330812","HGNC:119","liver/biliary system phenotype","Esophagus - Gastroesophageal Junction","Abnormality of the digestive system","enlarged liver","No","Yes","Yes"
"982","MGI:95482","HGNC:3579","liver/biliary system phenotype","Esophagus - Gastroesophageal Junction","Abnormality of the digestive system","abnormal liver physiology","Yes","Yes","Yes"
"983","MGI:95482","HGNC:3579","liver/biliary system phenotype","Spleen","Abnormality of the digestive system","increased liver tumor incidence","Yes","Yes","Yes"
"984","MGI:106091","HGNC:2651","liver/biliary system phenotype","Stomach","Abnormality of the digestive system","abnormal liver physiology","Yes","No","No"
"985","MGI:1926923","HGNC:13815","liver/biliary system phenotype","Pancreas","Abnormality of the digestive system","hepatic steatosis","No","No","No"
"986","MGI:1330812","HGNC:119","liver/biliary system phenotype","Liver","Abnormality of the digestive system","increased liver weight","No","Yes","Yes"
"987","MGI:1330812","HGNC:119","liver/biliary system phenotype","Esophagus - Mucosa","Abnormality of the digestive system","increased liver weight","No","Yes","Yes"
"988","MGI:106091","HGNC:2651","liver/biliary system phenotype","Esophagus - Muscularis","Abnormality of the digestive system","abnormal liver physiology","Yes","No","No"
"989","MGI:95482","HGNC:3579","liver/biliary system phenotype","Pancreas","Abnormality of the digestive system","liver failure","Yes","Yes","Yes"
"990","MGI:95482","HGNC:3579","liver/biliary system phenotype","Esophagus - Muscularis","Abnormality of the digestive system","liver failure","Yes","Yes","Yes"
"991","MGI:88070","HGNC:663","liver/biliary system phenotype","Spleen","Abnormality of the digestive system","abnormal liver morphology","No","Yes","Yes"
"992","MGI:1330812","HGNC:119","liver/biliary system phenotype","Colon - Transverse","Abnormality of the digestive system","increased liver weight","No","Yes","Yes"
"993","MGI:1330812","HGNC:119","liver/biliary system phenotype","Esophagus - Mucosa","Abnormality of the digestive system","pale liver","No","Yes","Yes"
"994","MGI:1330812","HGNC:119","liver/biliary system phenotype","Colon - Sigmoid","Abnormality of the digestive system","pale liver","No","Yes","Yes"
"995","MGI:96435","HGNC:5467","liver/biliary system phenotype","Esophagus - Muscularis","Abnormality of the digestive system","liver hyperplasia","No","Yes","Yes"
"996","MGI:1926923","HGNC:13815","liver/biliary system phenotype","Esophagus - Mucosa","Abnormality of the digestive system","hepatic steatosis","No","Yes","No"
"997","MGI:96575","HGNC:6091","liver/biliary system phenotype","Stomach","Abnormality of the digestive system","enlarged liver","Yes","Yes","Yes"
"998","MGI:98715","HGNC:20606","liver/biliary system phenotype","Spleen","Abnormality of the digestive system","liver fibrosis","Yes","Yes","Yes"
"999","MGI:1861942","HGNC:4661","liver/biliary system phenotype","Liver","Abnormality of the digestive system","increased liver tumor incidence","Yes","Yes","Yes"
"1000","MGI:1861942","HGNC:4661","liver/biliary system phenotype","Colon - Sigmoid","Abnormality of the digestive system","increased liver tumor incidence","Yes","Yes","Yes"
"1001","MGI:106091","HGNC:2651","liver/biliary system phenotype","Colon - Sigmoid","Abnormality of the digestive system","abnormal liver morphology","Yes","No","No"
"1002","MGI:106091","HGNC:2651","liver/biliary system phenotype","Esophagus - Mucosa","Abnormality of the digestive system","abnormal liver morphology","Yes","No","No"
"1003","MGI:106091","HGNC:2651","liver/biliary system phenotype","Liver","Abnormality of the digestive system","abnormal liver morphology","Yes","Yes","Yes"
"1004","MGI:96217","HGNC:5157","liver/biliary system phenotype","Colon - Sigmoid","Abnormality of the digestive system","hepatic steatosis","Yes","Yes","Yes"
"1005","MGI:106091","HGNC:2651","liver/biliary system phenotype","Esophagus - Gastroesophageal Junction","Abnormality of the digestive system","abnormal liver morphology","Yes","No","No"
"1006","MGI:1926923","HGNC:13815","liver/biliary system phenotype","Esophagus - Muscularis","Abnormality of the digestive system","hepatic steatosis","No","Yes","No"
"1007","MGI:1926923","HGNC:13815","liver/biliary system phenotype","Esophagus - Gastroesophageal Junction","Abnormality of the digestive system","hepatic steatosis","No","Yes","No"
"1008","MGI:95554","HGNC:3749","liver/biliary system phenotype","Esophagus - Muscularis","Abnormality of the digestive system","pale liver","Yes","Yes","Yes"
"1009","MGI:95482","HGNC:3579","liver/biliary system phenotype","Small Intestine - Terminal Ileum","Abnormality of the digestive system","liver inflammation","Yes","Yes","Yes"
"1010","MGI:98715","HGNC:20606","liver/biliary system phenotype","Colon - Sigmoid","Abnormality of the digestive system","abnormal liver morphology","Yes","Yes","Yes"
"1011","MGI:98715","HGNC:20606","liver/biliary system phenotype","Pancreas","Abnormality of the digestive system","abnormal liver morphology","Yes","Yes","Yes"
"1012","MGI:98715","HGNC:20606","liver/biliary system phenotype","Esophagus - Muscularis","Abnormality of the digestive system","abnormal liver morphology","Yes","Yes","Yes"
"1013","MGI:96435","HGNC:5467","liver/biliary system phenotype","Liver","Abnormality of the digestive system","liver hyperplasia","No","Yes","Yes"
"1014","MGI:95482","HGNC:3579","liver/biliary system phenotype","Pancreas","Abnormality of the digestive system","increased liver tumor incidence","Yes","Yes","Yes"
"1015","MGI:95482","HGNC:3579","liver/biliary system phenotype","Esophagus - Muscularis","Abnormality of the digestive system","increased liver tumor incidence","Yes","Yes","Yes"
"1016","MGI:96435","HGNC:5467","liver/biliary system phenotype","Colon - Sigmoid","Abnormality of the digestive system","liver hyperplasia","No","Yes","Yes"
"1017","MGI:1330812","HGNC:119","liver/biliary system phenotype","Colon - Sigmoid","Abnormality of the digestive system","abnormal liver physiology","No","Yes","Yes"
"1018","MGI:96575","HGNC:6091","liver/biliary system phenotype","Liver","Abnormality of the digestive system","abnormal liver physiology","Yes","Yes","Yes"
"1019","MGI:106091","HGNC:2651","liver/biliary system phenotype","Small Intestine - Terminal Ileum","Abnormality of the digestive system","abnormal liver morphology","Yes","No","No"
"1020","MGI:1861942","HGNC:4661","liver/biliary system phenotype","Pancreas","Abnormality of the digestive system","increased liver weight","Yes","Yes","Yes"
"1021","MGI:1330812","HGNC:119","liver/biliary system phenotype","Colon - Sigmoid","Abnormality of the digestive system","abnormal liver morphology","No","Yes","Yes"
"1022","MGI:1861942","HGNC:4661","liver/biliary system phenotype","Colon - Sigmoid","Abnormality of the digestive system","increased liver weight","Yes","Yes","Yes"
"1023","MGI:88070","HGNC:663","liver/biliary system phenotype","Liver","Abnormality of the digestive system","abnormal liver morphology","No","Yes","Yes"
"1024","MGI:1926923","HGNC:13815","liver/biliary system phenotype","Small Intestine - Terminal Ileum","Abnormality of the digestive system","hepatic steatosis","No","Yes","Yes"
"1025","MGI:88070","HGNC:663","liver/biliary system phenotype","Colon - Sigmoid","Abnormality of the digestive system","abnormal liver morphology","No","Yes","No"
"1026","MGI:95554","HGNC:3749","liver/biliary system phenotype","Colon - Sigmoid","Abnormality of the digestive system","pale liver","Yes","Yes","Yes"
"1027","MGI:95482","HGNC:3579","liver/biliary system phenotype","Colon - Transverse","Abnormality of the digestive system","liver failure","Yes","Yes","Yes"
"1028","MGI:1330812","HGNC:119","liver/biliary system phenotype","Colon - Sigmoid","Abnormality of the digestive system","increased liver weight","No","Yes","Yes"
"1029","MGI:88070","HGNC:663","liver/biliary system phenotype","Small Intestine - Terminal Ileum","Abnormality of the digestive system","enlarged liver","No","Yes","No"
"1030","MGI:88070","HGNC:663","liver/biliary system phenotype","Esophagus - Muscularis","Abnormality of the digestive system","enlarged liver","No","Yes","No"
"1031","MGI:106091","HGNC:2651","liver/biliary system phenotype","Liver","Abnormality of the digestive system","abnormal liver physiology","Yes","Yes","Yes"
"1032","MGI:1926923","HGNC:13815","liver/biliary system phenotype","Liver","Abnormality of the digestive system","hepatic steatosis","No","Yes","No"
"1033","MGI:96575","HGNC:6091","liver/biliary system phenotype","Esophagus - Mucosa","Abnormality of the digestive system","abnormal liver physiology","Yes","Yes","Yes"
"1034","MGI:1861942","HGNC:4661","liver/biliary system phenotype","Liver","Abnormality of the digestive system","increased liver weight","Yes","Yes","Yes"
"1035","MGI:1926923","HGNC:13815","liver/biliary system phenotype","Spleen","Abnormality of the digestive system","hepatic steatosis","No","No","No"
"1036","MGI:1861942","HGNC:4661","liver/biliary system phenotype","Colon - Transverse","Abnormality of the digestive system","increased liver tumor incidence","Yes","Yes","Yes"
"1037","MGI:98715","HGNC:20606","liver/biliary system phenotype","Esophagus - Mucosa","Abnormality of the digestive system","liver fibrosis","Yes","Yes","Yes"
"1038","MGI:2151233","HGNC:3003","liver/biliary system phenotype","Colon - Transverse","Abnormality of the digestive system","liver degeneration","No","Yes","Yes"
"1039","MGI:2151233","HGNC:3003","liver/biliary system phenotype","Pancreas","Abnormality of the digestive system","liver degeneration","No","Yes","Yes"
"1040","MGI:96537","HGNC:5962","liver/biliary system phenotype","Esophagus - Gastroesophageal Junction","Abnormality of the digestive system","increased liver triglyceride level","Yes","Yes","No"
"1041","MGI:96575","HGNC:6091","liver/biliary system phenotype","Liver","Abnormality of the digestive system","hepatic steatosis","Yes","Yes","Yes"
"1042","MGI:2151233","HGNC:3003","liver/biliary system phenotype","Esophagus - Muscularis","Abnormality of the digestive system","liver degeneration","No","Yes","Yes"
"1043","MGI:95482","HGNC:3579","liver/biliary system phenotype","Pancreas","Abnormality of the digestive system","liver inflammation","Yes","Yes","Yes"
"1044","MGI:95482","HGNC:3579","liver/biliary system phenotype","Esophagus - Muscularis","Abnormality of the digestive system","liver inflammation","Yes","Yes","Yes"
"1045","MGI:96537","HGNC:5962","liver/biliary system phenotype","Colon - Transverse","Abnormality of the digestive system","increased liver triglyceride level","Yes","Yes","Yes"
"1046","MGI:95513","HGNC:3647","liver/biliary system phenotype","Esophagus - Mucosa","Abnormality of the digestive system","increased liver weight","Yes","Yes","Yes"
"1047","MGI:96575","HGNC:6091","liver/biliary system phenotype","Pancreas","Abnormality of the digestive system","abnormal liver physiology","Yes","Yes","Yes"
"1048","MGI:1330812","HGNC:119","liver/biliary system phenotype","Esophagus - Mucosa","Abnormality of the digestive system","abnormal liver morphology","No","Yes","Yes"
"1049","MGI:96435","HGNC:5467","liver/biliary system phenotype","Spleen","Abnormality of the digestive system","liver hyperplasia","No","Yes","Yes"
"1050","MGI:95482","HGNC:3579","liver/biliary system phenotype","Colon - Sigmoid","Abnormality of the digestive system","increased liver tumor incidence","Yes","Yes","Yes"
"1051","MGI:96435","HGNC:5467","liver/biliary system phenotype","Esophagus - Mucosa","Abnormality of the digestive system","liver hyperplasia","No","Yes","Yes"
"1052","MGI:88070","HGNC:663","liver/biliary system phenotype","Small Intestine - Terminal Ileum","Abnormality of the digestive system","pale liver","No","Yes","No"
"1053","MGI:88049","HGNC:600","liver/biliary system phenotype","Stomach","Abnormality of the digestive system","abnormal liver physiology","Yes","Yes","Yes"
"1054","MGI:98715","HGNC:20606","liver/biliary system phenotype","Colon - Transverse","Abnormality of the digestive system","abnormal liver morphology","Yes","Yes","Yes"
"1055","MGI:88049","HGNC:600","liver/biliary system phenotype","Pancreas","Abnormality of the digestive system","abnormal liver physiology","Yes","Yes","No"
"1056","MGI:1861942","HGNC:4661","liver/biliary system phenotype","Small Intestine - Terminal Ileum","Abnormality of the digestive system","increased liver weight","Yes","Yes","Yes"
"1057","MGI:96435","HGNC:5467","liver/biliary system phenotype","Pancreas","Abnormality of the digestive system","enlarged liver","No","Yes","Yes"
"1058","MGI:96435","HGNC:5467","liver/biliary system phenotype","Colon - Transverse","Abnormality of the digestive system","enlarged liver","No","Yes","Yes"
"1059","MGI:96575","HGNC:6091","liver/biliary system phenotype","Esophagus - Muscularis","Abnormality of the digestive system","abnormal liver physiology","Yes","Yes","Yes"
"1060","MGI:95513","HGNC:3647","liver/biliary system phenotype","Colon - Sigmoid","Abnormality of the digestive system","increased liver weight","Yes","Yes","Yes"
"1061","MGI:95513","HGNC:3647","liver/biliary system phenotype","Stomach","Abnormality of the digestive system","increased liver weight","Yes","Yes","Yes"
"1062","MGI:1330812","HGNC:119","liver/biliary system phenotype","Esophagus - Muscularis","Abnormality of the digestive system","increased liver weight","No","Yes","Yes"
"1063","MGI:96435","HGNC:5467","liver/biliary system phenotype","Liver","Abnormality of the digestive system","enlarged liver","No","Yes","Yes"
"1064","MGI:88070","HGNC:663","liver/biliary system phenotype","Colon - Transverse","Abnormality of the digestive system","abnormal liver morphology","No","Yes","No"
"1065","MGI:1330812","HGNC:119","liver/biliary system phenotype","Pancreas","Abnormality of the digestive system","increased liver weight","No","Yes","Yes"
"1066","MGI:1330812","HGNC:119","liver/biliary system phenotype","Spleen","Abnormality of the digestive system","increased liver weight","No","Yes","Yes"
"1067","MGI:96575","HGNC:6091","liver/biliary system phenotype","Esophagus - Gastroesophageal Junction","Abnormality of the digestive system","abnormal liver physiology","Yes","Yes","Yes"
"1068","MGI:95554","HGNC:3749","liver/biliary system phenotype","Colon - Transverse","Abnormality of the digestive system","pale liver","Yes","Yes","Yes"
"1069","MGI:1330812","HGNC:119","liver/biliary system phenotype","Small Intestine - Terminal Ileum","Abnormality of the digestive system","increased liver weight","No","Yes","Yes"
"1070","MGI:1330812","HGNC:119","liver/biliary system phenotype","Esophagus - Gastroesophageal Junction","Abnormality of the digestive system","abnormal liver morphology","No","Yes","Yes"
"1071","MGI:1330812","HGNC:119","liver/biliary system phenotype","Stomach","Abnormality of the digestive system","abnormal liver morphology","No","Yes","Yes"
"1072","MGI:95482","HGNC:3579","liver/biliary system phenotype","Esophagus - Mucosa","Abnormality of the digestive system","liver failure","Yes","Yes","Yes"
"1073","MGI:88070","HGNC:663","liver/biliary system phenotype","Esophagus - Mucosa","Abnormality of the digestive system","abnormal liver morphology","No","Yes","No"
"1074","MGI:88070","HGNC:663","liver/biliary system phenotype","Small Intestine - Terminal Ileum","Abnormality of the digestive system","abnormal liver morphology","No","Yes","No"
"1075","MGI:98715","HGNC:20606","liver/biliary system phenotype","Liver","Abnormality of the digestive system","liver fibrosis","Yes","Yes","Yes"
"1076","MGI:1330812","HGNC:119","liver/biliary system phenotype","Liver","Abnormality of the digestive system","liver inflammation","No","Yes","Yes"
"1077","MGI:1330812","HGNC:119","liver/biliary system phenotype","Esophagus - Mucosa","Abnormality of the digestive system","liver inflammation","No","Yes","Yes"
"1078","MGI:1861942","HGNC:4661","liver/biliary system phenotype","Pancreas","Abnormality of the digestive system","increased liver tumor incidence","Yes","Yes","Yes"
"1079","MGI:96575","HGNC:6091","liver/biliary system phenotype","Small Intestine - Terminal Ileum","Abnormality of the digestive system","hepatic steatosis","Yes","Yes","Yes"
"1080","MGI:96575","HGNC:6091","liver/biliary system phenotype","Spleen","Abnormality of the digestive system","hepatic steatosis","Yes","Yes","Yes"
"1081","MGI:106091","HGNC:2651","liver/biliary system phenotype","Esophagus - Muscularis","Abnormality of the digestive system","abnormal liver morphology","Yes","No","No"
"1082","MGI:96575","HGNC:6091","liver/biliary system phenotype","Esophagus - Muscularis","Abnormality of the digestive system","hepatic steatosis","Yes","Yes","Yes"
"1083","MGI:96217","HGNC:5157","liver/biliary system phenotype","Esophagus - Muscularis","Abnormality of the digestive system","hepatic steatosis","Yes","Yes","Yes"
"1084","MGI:96217","HGNC:5157","liver/biliary system phenotype","Pancreas","Abnormality of the digestive system","hepatic steatosis","Yes","Yes","Yes"
"1085","MGI:96575","HGNC:6091","liver/biliary system phenotype","Colon - Transverse","Abnormality of the digestive system","hepatic steatosis","Yes","Yes","Yes"
"1086","MGI:96217","HGNC:5157","liver/biliary system phenotype","Esophagus - Gastroesophageal Junction","Abnormality of the digestive system","hepatic steatosis","Yes","Yes","Yes"
"1087","MGI:95482","HGNC:3579","liver/biliary system phenotype","Colon - Sigmoid","Abnormality of the digestive system","abnormal liver physiology","Yes","Yes","Yes"
"1088","MGI:96435","HGNC:5467","liver/biliary system phenotype","Colon - Transverse","Abnormality of the digestive system","liver hyperplasia","No","Yes","Yes"
"1089","MGI:88049","HGNC:600","liver/biliary system phenotype","Small Intestine - Terminal Ileum","Abnormality of the digestive system","abnormal liver physiology","Yes","Yes","Yes"
"1090","MGI:98715","HGNC:20606","liver/biliary system phenotype","Spleen","Abnormality of the digestive system","abnormal liver morphology","Yes","Yes","Yes"
"1091","MGI:88049","HGNC:600","liver/biliary system phenotype","Esophagus - Muscularis","Abnormality of the digestive system","abnormal liver physiology","Yes","Yes","No"
"1092","MGI:88049","HGNC:600","liver/biliary system phenotype","Spleen","Abnormality of the digestive system","abnormal liver physiology","Yes","Yes","Yes"
"1093","MGI:96217","HGNC:5157","liver/biliary system phenotype","Stomach","Abnormality of the digestive system","abnormal liver morphology","Yes","Yes","Yes"
"1094","MGI:96217","HGNC:5157","liver/biliary system phenotype","Esophagus - Muscularis","Abnormality of the digestive system","abnormal liver morphology","Yes","Yes","Yes"
"1095","MGI:96435","HGNC:5467","liver/biliary system phenotype","Esophagus - Gastroesophageal Junction","Abnormality of the digestive system","liver hyperplasia","No","Yes","Yes"
"1096","MGI:96435","HGNC:5467","liver/biliary system phenotype","Small Intestine - Terminal Ileum","Abnormality of the digestive system","liver hyperplasia","No","Yes","Yes"
"1097","MGI:95482","HGNC:3579","liver/biliary system phenotype","Liver","Abnormality of the digestive system","increased liver tumor incidence","Yes","Yes","Yes"
"1098","MGI:96435","HGNC:5467","liver/biliary system phenotype","Stomach","Abnormality of the digestive system","enlarged liver","No","Yes","Yes"
"1099","MGI:96435","HGNC:5467","liver/biliary system phenotype","Spleen","Abnormality of the digestive system","enlarged liver","No","Yes","Yes"
"1100","MGI:96575","HGNC:6091","liver/biliary system phenotype","Esophagus - Gastroesophageal Junction","Abnormality of the digestive system","hepatic steatosis","Yes","Yes","Yes"
"1101","MGI:96435","HGNC:5467","liver/biliary system phenotype","Esophagus - Muscularis","Abnormality of the digestive system","enlarged liver","No","Yes","Yes"
"1102","MGI:88070","HGNC:663","liver/biliary system phenotype","Esophagus - Muscularis","Abnormality of the digestive system","abnormal liver morphology","No","Yes","No"
"1103","MGI:1330812","HGNC:119","liver/biliary system phenotype","Stomach","Abnormality of the digestive system","hepatic steatosis","No","Yes","Yes"
"1104","MGI:96575","HGNC:6091","liver/biliary system phenotype","Colon - Transverse","Abnormality of the digestive system","abnormal liver physiology","Yes","Yes","Yes"
"1105","MGI:96435","HGNC:5467","liver/biliary system phenotype","Small Intestine - Terminal Ileum","Abnormality of the digestive system","enlarged liver","No","Yes","Yes"
"1106","MGI:96435","HGNC:5467","liver/biliary system phenotype","Colon - Sigmoid","Abnormality of the digestive system","enlarged liver","No","Yes","Yes"
"1107","MGI:88070","HGNC:663","liver/biliary system phenotype","Stomach","Abnormality of the digestive system","abnormal liver morphology","No","Yes","No"
"1108","MGI:96575","HGNC:6091","liver/biliary system phenotype","Stomach","Abnormality of the digestive system","abnormal liver physiology","Yes","Yes","Yes"
"1109","MGI:95554","HGNC:3749","liver/biliary system phenotype","Spleen","Abnormality of the digestive system","pale liver","Yes","Yes","Yes"
"1110","MGI:95554","HGNC:3749","liver/biliary system phenotype","Small Intestine - Terminal Ileum","Abnormality of the digestive system","pale liver","Yes","Yes","Yes"
"1111","MGI:95554","HGNC:3749","liver/biliary system phenotype","Pancreas","Abnormality of the digestive system","pale liver","Yes","Yes","Yes"
"1112","MGI:1330812","HGNC:119","liver/biliary system phenotype","Colon - Transverse","Abnormality of the digestive system","abnormal liver morphology","No","Yes","Yes"
"1113","MGI:96537","HGNC:5962","liver/biliary system phenotype","Esophagus - Muscularis","Abnormality of the digestive system","abnormal liver physiology","Yes","Yes","No"
"1114","MGI:1330812","HGNC:119","liver/biliary system phenotype","Liver","Abnormality of the digestive system","abnormal liver morphology","No","Yes","Yes"
"1115","MGI:1330812","HGNC:119","liver/biliary system phenotype","Spleen","Abnormality of the digestive system","abnormal liver morphology","No","Yes","Yes"
"1116","MGI:96575","HGNC:6091","liver/biliary system phenotype","Colon - Sigmoid","Abnormality of the digestive system","enlarged liver","Yes","Yes","Yes"
"1117","MGI:96575","HGNC:6091","liver/biliary system phenotype","Esophagus - Gastroesophageal Junction","Abnormality of the digestive system","enlarged liver","Yes","Yes","Yes"
"1118","MGI:2151233","HGNC:3003","liver/biliary system phenotype","Liver","Abnormality of the digestive system","liver degeneration","No","Yes","Yes"
"1119","MGI:1861942","HGNC:4661","liver/biliary system phenotype","Esophagus - Mucosa","Abnormality of the digestive system","increased liver tumor incidence","Yes","Yes","Yes"
"1120","MGI:106091","HGNC:2651","liver/biliary system phenotype","Colon - Transverse","Abnormality of the digestive system","abnormal liver morphology","Yes","No","No"
"1121","MGI:96537","HGNC:5962","liver/biliary system phenotype","Liver","Abnormality of the digestive system","increased liver triglyceride level","Yes","Yes","No"
"1122","MGI:96217","HGNC:5157","liver/biliary system phenotype","Stomach","Abnormality of the digestive system","hepatic steatosis","Yes","Yes","Yes"
"1123","MGI:96537","HGNC:5962","liver/biliary system phenotype","Colon - Sigmoid","Abnormality of the digestive system","increased liver triglyceride level","Yes","Yes","No"
"1124","MGI:96575","HGNC:6091","liver/biliary system phenotype","Esophagus - Mucosa","Abnormality of the digestive system","hepatic steatosis","Yes","Yes","Yes"
"1125","MGI:96575","HGNC:6091","liver/biliary system phenotype","Pancreas","Abnormality of the digestive system","hepatic steatosis","Yes","Yes","Yes"
"1126","MGI:96575","HGNC:6091","liver/biliary system phenotype","Spleen","Abnormality of the digestive system","abnormal liver physiology","Yes","Yes","Yes"
"1127","MGI:96217","HGNC:5157","liver/biliary system phenotype","Colon - Transverse","Abnormality of the digestive system","abnormal liver morphology","Yes","Yes","Yes"
"1128","MGI:106091","HGNC:2651","liver/biliary system phenotype","Pancreas","Abnormality of the digestive system","abnormal liver morphology","Yes","No","No"
"1129","MGI:96575","HGNC:6091","liver/biliary system phenotype","Stomach","Abnormality of the digestive system","hepatic steatosis","Yes","Yes","Yes"
"1130","MGI:95482","HGNC:3579","liver/biliary system phenotype","Colon - Transverse","Abnormality of the digestive system","increased liver tumor incidence","Yes","Yes","Yes"
"1131","MGI:88049","HGNC:600","liver/biliary system phenotype","Colon - Transverse","Abnormality of the digestive system","abnormal liver physiology","Yes","Yes","No"
"1132","MGI:95482","HGNC:3579","liver/biliary system phenotype","Esophagus - Gastroesophageal Junction","Abnormality of the digestive system","increased liver tumor incidence","Yes","Yes","Yes"
"1133","MGI:1330812","HGNC:119","liver/biliary system phenotype","Pancreas","Abnormality of the digestive system","hepatic steatosis","No","Yes","Yes"
"1134","MGI:1330812","HGNC:119","liver/biliary system phenotype","Spleen","Abnormality of the digestive system","hepatic steatosis","No","Yes","Yes"
"1135","MGI:88049","HGNC:600","liver/biliary system phenotype","Liver","Abnormality of the digestive system","abnormal liver physiology","Yes","Yes","Yes"
"1136","MGI:96217","HGNC:5157","liver/biliary system phenotype","Colon - Sigmoid","Abnormality of the digestive system","abnormal liver morphology","Yes","Yes","Yes"
"1137","MGI:96217","HGNC:5157","liver/biliary system phenotype","Esophagus - Gastroesophageal Junction","Abnormality of the digestive system","abnormal liver morphology","Yes","Yes","Yes"
"1138","MGI:88049","HGNC:600","liver/biliary system phenotype","Esophagus - Mucosa","Abnormality of the digestive system","abnormal liver physiology","Yes","Yes","No"
"1139","MGI:96575","HGNC:6091","liver/biliary system phenotype","Esophagus - Muscularis","Abnormality of the digestive system","enlarged liver","Yes","Yes","Yes"
"1140","MGI:98715","HGNC:20606","liver/biliary system phenotype","Esophagus - Gastroesophageal Junction","Abnormality of the digestive system","abnormal liver morphology","Yes","Yes","Yes"
"1141","MGI:96537","HGNC:5962","liver/biliary system phenotype","Liver","Abnormality of the digestive system","abnormal liver physiology","Yes","Yes","No"
"1142","MGI:96435","HGNC:5467","liver/biliary system phenotype","Esophagus - Mucosa","Abnormality of the digestive system","enlarged liver","No","Yes","Yes"
"1143","MGI:1330812","HGNC:119","liver/biliary system phenotype","Esophagus - Gastroesophageal Junction","Abnormality of the digestive system","hepatic steatosis","No","Yes","Yes"
"1144","MGI:96435","HGNC:5467","liver/biliary system phenotype","Esophagus - Gastroesophageal Junction","Abnormality of the digestive system","enlarged liver","No","Yes","Yes"
"1145","MGI:1330812","HGNC:119","liver/biliary system phenotype","Esophagus - Muscularis","Abnormality of the digestive system","hepatic steatosis","No","Yes","Yes"
"1146","MGI:96537","HGNC:5962","liver/biliary system phenotype","Esophagus - Muscularis","Abnormality of the digestive system","increased liver triglyceride level","Yes","Yes","No"
"1147","MGI:96537","HGNC:5962","liver/biliary system phenotype","Stomach","Abnormality of the digestive system","increased liver triglyceride level","Yes","Yes","No"
"1148","MGI:95554","HGNC:3749","liver/biliary system phenotype","Liver","Abnormality of the digestive system","pale liver","Yes","Yes","Yes"
"1149","MGI:96575","HGNC:6091","liver/biliary system phenotype","Small Intestine - Terminal Ileum","Abnormality of the digestive system","enlarged liver","Yes","Yes","Yes"
"1150","MGI:96575","HGNC:6091","liver/biliary system phenotype","Spleen","Abnormality of the digestive system","enlarged liver","Yes","Yes","Yes"
"1151","MGI:96575","HGNC:6091","liver/biliary system phenotype","Liver","Abnormality of the digestive system","enlarged liver","Yes","Yes","Yes"
"1152","MGI:88070","HGNC:663","liver/biliary system phenotype","Esophagus - Mucosa","Abnormality of the digestive system","enlarged liver","No","Yes","No"
"1153","MGI:106091","HGNC:2651","liver/biliary system phenotype","Spleen","Abnormality of the digestive system","abnormal liver physiology","Yes","Yes","No"
"1154","MGI:95482","HGNC:3579","liver/biliary system phenotype","Colon - Transverse","Abnormality of the digestive system","abnormal liver physiology","Yes","Yes","Yes"
"1155","MGI:95482","HGNC:3579","liver/biliary system phenotype","Small Intestine - Terminal Ileum","Abnormality of the digestive system","abnormal liver physiology","Yes","Yes","Yes"
"1156","MGI:106091","HGNC:2651","liver/biliary system phenotype","Esophagus - Gastroesophageal Junction","Abnormality of the digestive system","abnormal liver physiology","Yes","No","No"
"1157","MGI:106091","HGNC:2651","liver/biliary system phenotype","Small Intestine - Terminal Ileum","Abnormality of the digestive system","abnormal liver physiology","Yes","No","No"
"1158","MGI:96217","HGNC:5157","liver/biliary system phenotype","Colon - Transverse","Abnormality of the digestive system","hepatic steatosis","Yes","Yes","Yes"
"1159","MGI:96217","HGNC:5157","liver/biliary system phenotype","Esophagus - Mucosa","Abnormality of the digestive system","abnormal liver morphology","Yes","Yes","Yes"
"1160","MGI:96537","HGNC:5962","liver/biliary system phenotype","Esophagus - Mucosa","Abnormality of the digestive system","abnormal liver physiology","Yes","Yes","No"
"1161","MGI:96217","HGNC:5157","liver/biliary system phenotype","Liver","Abnormality of the digestive system","hepatic steatosis","Yes","Yes","Yes"
"1162","MGI:96217","HGNC:5157","liver/biliary system phenotype","Esophagus - Mucosa","Abnormality of the digestive system","hepatic steatosis","Yes","Yes","Yes"
"1163","MGI:96217","HGNC:5157","liver/biliary system phenotype","Pancreas","Abnormality of the digestive system","abnormal liver morphology","Yes","Yes","Yes"
"1164","MGI:88070","HGNC:663","liver/biliary system phenotype","Spleen","Abnormality of the digestive system","enlarged liver","No","Yes","Yes"
"1165","MGI:96537","HGNC:5962","liver/biliary system phenotype","Spleen","Abnormality of the digestive system","abnormal liver physiology","Yes","Yes","Yes"
"1166","MGI:1330812","HGNC:119","liver/biliary system phenotype","Liver","Abnormality of the digestive system","hepatic steatosis","No","Yes","Yes"
"1167","MGI:96575","HGNC:6091","liver/biliary system phenotype","Esophagus - Mucosa","Abnormality of the digestive system","enlarged liver","Yes","Yes","Yes"
"1168","MGI:88049","HGNC:600","liver/biliary system phenotype","Colon - Sigmoid","Abnormality of the digestive system","abnormal liver physiology","Yes","Yes","No"
"1169","MGI:96217","HGNC:5157","liver/biliary system phenotype","Small Intestine - Terminal Ileum","Abnormality of the digestive system","abnormal liver morphology","Yes","Yes","Yes"
"1170","MGI:96217","HGNC:5157","liver/biliary system phenotype","Spleen","Abnormality of the digestive system","abnormal liver morphology","Yes","Yes","Yes"
"1171","MGI:96537","HGNC:5962","liver/biliary system phenotype","Pancreas","Abnormality of the digestive system","abnormal liver physiology","Yes","Yes","No"
"1172","MGI:1330812","HGNC:119","liver/biliary system phenotype","Colon - Transverse","Abnormality of the digestive system","hepatic steatosis","No","Yes","Yes"
"1173","MGI:96217","HGNC:5157","liver/biliary system phenotype","Small Intestine - Terminal Ileum","Abnormality of the digestive system","hepatic steatosis","Yes","Yes","Yes"
"1174","MGI:96575","HGNC:6091","liver/biliary system phenotype","Colon - Sigmoid","Abnormality of the digestive system","abnormal liver physiology","Yes","Yes","Yes"
"1175","MGI:96537","HGNC:5962","liver/biliary system phenotype","Colon - Transverse","Abnormality of the digestive system","abnormal liver physiology","Yes","Yes","Yes"
"1176","MGI:88070","HGNC:663","liver/biliary system phenotype","Esophagus - Gastroesophageal Junction","Abnormality of the digestive system","enlarged liver","No","Yes","No"
"1177","MGI:95482","HGNC:3579","liver/biliary system phenotype","Liver","Abnormality of the digestive system","liver failure","Yes","Yes","Yes"
"1178","MGI:96537","HGNC:5962","liver/biliary system phenotype","Stomach","Abnormality of the digestive system","abnormal liver physiology","Yes","Yes","No"
"1179","MGI:1330812","HGNC:119","liver/biliary system phenotype","Pancreas","Abnormality of the digestive system","liver inflammation","No","Yes","Yes"
"1180","MGI:1330812","HGNC:119","liver/biliary system phenotype","Spleen","Abnormality of the digestive system","liver inflammation","No","Yes","Yes"
"1181","MGI:2151233","HGNC:3003","liver/biliary system phenotype","Colon - Sigmoid","Abnormality of the digestive system","liver degeneration","No","Yes","Yes"
"1182","MGI:96217","HGNC:5157","liver/biliary system phenotype","Liver","Abnormality of the digestive system","abnormal liver morphology","Yes","Yes","Yes"
"1183","MGI:96217","HGNC:5157","liver/biliary system phenotype","Spleen","Abnormality of the digestive system","hepatic steatosis","Yes","Yes","Yes"
"1184","MGI:106091","HGNC:2651","liver/biliary system phenotype","Pancreas","Abnormality of the digestive system","abnormal liver physiology","Yes","No","No"
"1185","MGI:106091","HGNC:2651","liver/biliary system phenotype","Stomach","Abnormality of the digestive system","abnormal liver morphology","Yes","No","No"
"1186","MGI:1330812","HGNC:119","liver/biliary system phenotype","Esophagus - Mucosa","Abnormality of the digestive system","hepatic steatosis","No","Yes","Yes"
"1187","MGI:1330812","HGNC:119","liver/biliary system phenotype","Pancreas","Abnormality of the digestive system","abnormal liver morphology","No","Yes","Yes"
"1188","MGI:88070","HGNC:663","liver/biliary system phenotype","Colon - Transverse","Abnormality of the digestive system","enlarged liver","No","Yes","No"
"1189","MGI:96575","HGNC:6091","liver/biliary system phenotype","Colon - Transverse","Abnormality of the digestive system","enlarged liver","Yes","Yes","Yes"
"1190","MGI:96537","HGNC:5962","liver/biliary system phenotype","Esophagus - Gastroesophageal Junction","Abnormality of the digestive system","abnormal liver physiology","Yes","Yes","No"
"1191","MGI:1330812","HGNC:119","liver/biliary system phenotype","Colon - Transverse","Abnormality of the digestive system","liver inflammation","No","Yes","Yes"
"1192","MGI:96537","HGNC:5962","liver/biliary system phenotype","Colon - Sigmoid","Abnormality of the digestive system","abnormal liver physiology","Yes","Yes","No"
"1193","MGI:96537","HGNC:5962","liver/biliary system phenotype","Small Intestine - Terminal Ileum","Abnormality of the digestive system","abnormal liver physiology","Yes","Yes","Yes"
"1194","MGI:96575","HGNC:6091","liver/biliary system phenotype","Pancreas","Abnormality of the digestive system","enlarged liver","Yes","Yes","Yes"
"1195","MGI:1330812","HGNC:119","liver/biliary system phenotype","Esophagus - Muscularis","Abnormality of the digestive system","liver inflammation","No","Yes","Yes"
"1196","MGI:88049","HGNC:600","liver/biliary system phenotype","Esophagus - Gastroesophageal Junction","Abnormality of the digestive system","abnormal liver physiology","Yes","Yes","No"
"1197","MGI:88070","HGNC:663","liver/biliary system phenotype","Liver","Abnormality of the digestive system","enlarged liver","No","Yes","Yes"
"1198","MGI:88070","HGNC:663","liver/biliary system phenotype","Stomach","Abnormality of the digestive system","enlarged liver","No","Yes","No"
"1199","MGI:88070","HGNC:663","liver/biliary system phenotype","Colon - Sigmoid","Abnormality of the digestive system","enlarged liver","No","Yes","No"
"1200","MGI:1330812","HGNC:119","liver/biliary system phenotype","Colon - Sigmoid","Abnormality of the digestive system","hepatic steatosis","No","Yes","Yes"
"1201","MGI:2151233","HGNC:3003","liver/biliary system phenotype","Stomach","Abnormality of the digestive system","liver degeneration","No","Yes","Yes"
"1202","MGI:1330812","HGNC:119","liver/biliary system phenotype","Stomach","Abnormality of the digestive system","liver inflammation","No","Yes","Yes"
"1203","MGI:1330812","HGNC:119","liver/biliary system phenotype","Esophagus - Gastroesophageal Junction","Abnormality of the digestive system","liver inflammation","No","Yes","Yes"
"1204","MGI:1330812","HGNC:119","liver/biliary system phenotype","Esophagus - Muscularis","Abnormality of the digestive system","abnormal liver morphology","No","Yes","Yes"
"1205","MGI:1330812","HGNC:119","liver/biliary system phenotype","Small Intestine - Terminal Ileum","Abnormality of the digestive system","hepatic steatosis","No","Yes","Yes"
"1206","MGI:94885","HGNC:2770","muscle phenotype","Muscle - Skeletal","Abnormality of the musculature","disorganized myocardium","Yes","Yes","Yes"
"1207","MGI:95664","HGNC:4173","muscle phenotype","Muscle - Skeletal","Abnormality of the musculature","thin myocardium","Yes","No","No"
"1208","MGI:88468","HGNC:2198","muscle phenotype","Muscle - Skeletal","Abnormality of the musculature","abnormal tendon morphology","Yes","Yes","Yes"
"1209","MGI:2150920","HGNC:3693","muscle phenotype","Muscle - Skeletal","Abnormality of the musculature","thin myocardium","Yes","Yes","Yes"
"1210","MGI:101864","HGNC:2666","muscle phenotype","Muscle - Skeletal","Abnormality of the musculature","dystrophic muscle","Yes","Yes","Yes"
"1211","MGI:88467","HGNC:2197","muscle phenotype","Muscle - Skeletal","Abnormality of the musculature","decreased ventricle muscle contractility","Yes","Yes","Yes"
"1212","MGI:87905","HGNC:143","muscle phenotype","Muscle - Skeletal","Abnormality of the musculature","disorganized myocardium","Yes","Yes","Yes"
"1213","MGI:88467","HGNC:2197","muscle phenotype","Muscle - Skeletal","Abnormality of the musculature","decreased tendon stiffness","Yes","Yes","Yes"
"1214","MGI:88459","HGNC:2211","muscle phenotype","Muscle - Skeletal","Abnormality of the musculature","abnormal diaphragm morphology","No","Yes","Yes"
"1215","MGI:94885","HGNC:2770","muscle phenotype","Muscle - Skeletal","Abnormality of the musculature","abnormal myocardium layer morphology","Yes","Yes","Yes"
"1216","MGI:94885","HGNC:2770","muscle phenotype","Muscle - Skeletal","Abnormality of the musculature","decreased ventricle muscle contractility","Yes","Yes","Yes"
"1217","MGI:105058","HGNC:811","muscle phenotype","Muscle - Skeletal","Abnormality of the musculature","abnormal diaphragm morphology","Yes","Yes","Yes"
"1218","MGI:95664","HGNC:4173","muscle phenotype","Muscle - Skeletal","Abnormality of the musculature","abnormal myocardial trabeculae morphology","Yes","No","No"
"1219","MGI:88468","HGNC:2198","muscle phenotype","Muscle - Skeletal","Abnormality of the musculature","decreased tendon stiffness","Yes","Yes","Yes"
"1220","MGI:94885","HGNC:2770","muscle phenotype","Muscle - Skeletal","Abnormality of the musculature","thin myocardium","Yes","Yes","Yes"
"1221","MGI:104565","HGNC:1785","nervous system phenotype","Brain - Substantia nigra","Abnormality of the nervous system","pituitary gland hyperplasia","Yes","Yes","Yes"
"1222","MGI:96174","HGNC:5103","nervous system phenotype","Brain - Caudate (basal ganglia)","Abnormality of the nervous system","abnormal rhombomere morphology","Yes","No","No"
"1223","MGI:101926","HGNC:2918","nervous system phenotype","Nerve - Tibial","Abnormality of the nervous system","exencephaly","Yes","Yes","Yes"
"1224","MGI:102720","HGNC:3180","nervous system phenotype","Brain - Substantia nigra","Abnormality of the nervous system","abnormal enteric nervous system morphology","Yes","Yes","Yes"
"1225","MGI:102720","HGNC:3180","nervous system phenotype","Brain - Hippocampus","Abnormality of the nervous system","abnormal enteric nervous system morphology","Yes","Yes","Yes"
"1226","MGI:102720","HGNC:3180","nervous system phenotype","Brain - Cerebellum","Abnormality of the nervous system","abnormal enteric nervous system morphology","Yes","Yes","Yes"
"1227","MGI:101926","HGNC:2918","nervous system phenotype","Brain - Cerebellar Hemisphere","Abnormality of the nervous system","exencephaly","Yes","No","No"
"1228","MGI:101926","HGNC:2918","nervous system phenotype","Brain - Caudate (basal ganglia)","Abnormality of the nervous system","exencephaly","Yes","Yes","Yes"
"1229","MGI:104565","HGNC:1785","nervous system phenotype","Brain - Hypothalamus","Abnormality of the nervous system","pituitary gland hyperplasia","Yes","Yes","Yes"
"1230","MGI:101926","HGNC:2918","nervous system phenotype","Brain - Hippocampus","Abnormality of the nervous system","exencephaly","Yes","Yes","Yes"
"1231","MGI:96174","HGNC:5103","nervous system phenotype","Brain - Frontal Cortex (BA9)","Abnormality of the nervous system","abnormal rhombomere morphology","Yes","No","No"
"1232","MGI:102720","HGNC:3180","nervous system phenotype","Brain - Hypothalamus","Abnormality of the nervous system","abnormal enteric nervous system morphology","Yes","Yes","Yes"
"1233","MGI:102720","HGNC:3180","nervous system phenotype","Pituitary","Abnormality of the nervous system","abnormal enteric nervous system morphology","Yes","Yes","Yes"
"1234","MGI:1097716","HGNC:18060","nervous system phenotype","Nerve - Tibial","Abnormality of the nervous system","abnormal telencephalon morphology","Yes","No","No"
"1235","MGI:104565","HGNC:1785","nervous system phenotype","Pituitary","Abnormality of the nervous system","pituitary gland hyperplasia","Yes","Yes","Yes"
"1236","MGI:1097716","HGNC:18060","nervous system phenotype","Brain - Spinal cord (cervical c-1)","Abnormality of the nervous system","abnormal telencephalon morphology","Yes","No","No"
"1237","MGI:88121","HGNC:894","nervous system phenotype","Brain - Cortex","Abnormality of the nervous system","abnormal hypothalamus physiology","Yes","Yes","No"
"1238","MGI:1097716","HGNC:18060","nervous system phenotype","Brain - Amygdala","Abnormality of the nervous system","abnormal telencephalon morphology","Yes","Yes","Yes"
"1239","MGI:96174","HGNC:5103","nervous system phenotype","Brain - Spinal cord (cervical c-1)","Abnormality of the nervous system","abnormal rhombomere morphology","Yes","Yes","Yes"
"1240","MGI:102720","HGNC:3180","nervous system phenotype","Nerve - Tibial","Abnormality of the nervous system","abnormal enteric nervous system morphology","Yes","Yes","Yes"
"1241","MGI:1097716","HGNC:18060","nervous system phenotype","Brain - Hypothalamus","Abnormality of the nervous system","abnormal telencephalon morphology","Yes","Yes","Yes"
"1242","MGI:96174","HGNC:5103","nervous system phenotype","Brain - Cortex","Abnormality of the nervous system","abnormal rhombomere morphology","Yes","No","No"
"1243","MGI:102720","HGNC:3180","nervous system phenotype","Brain - Anterior cingulate cortex (BA24)","Abnormality of the nervous system","abnormal enteric nervous system morphology","Yes","Yes","Yes"
"1244","MGI:104565","HGNC:1785","nervous system phenotype","Brain - Cortex","Abnormality of the nervous system","pituitary gland hyperplasia","Yes","Yes","Yes"
"1245","MGI:101926","HGNC:2918","nervous system phenotype","Brain - Amygdala","Abnormality of the nervous system","exencephaly","Yes","Yes","Yes"
"1246","MGI:102720","HGNC:3180","nervous system phenotype","Brain - Substantia nigra","Abnormality of the nervous system","abnormal brain morphology","Yes","Yes","Yes"
"1247","MGI:102720","HGNC:3180","nervous system phenotype","Brain - Nucleus accumbens (basal ganglia)","Abnormality of the nervous system","abnormal enteric nervous system morphology","Yes","Yes","Yes"
"1248","MGI:88121","HGNC:894","nervous system phenotype","Brain - Cerebellar Hemisphere","Abnormality of the nervous system","abnormal hypothalamus physiology","Yes","Yes","No"
"1249","MGI:102720","HGNC:3180","nervous system phenotype","Brain - Cerebellum","Abnormality of the nervous system","abnormal brain morphology","Yes","Yes","Yes"
"1250","MGI:104565","HGNC:1785","nervous system phenotype","Nerve - Tibial","Abnormality of the nervous system","pituitary gland hyperplasia","Yes","Yes","Yes"
"1251","MGI:102720","HGNC:3180","nervous system phenotype","Brain - Hippocampus","Abnormality of the nervous system","abnormal brain morphology","Yes","Yes","Yes"
"1252","MGI:102720","HGNC:3180","nervous system phenotype","Brain - Cortex","Abnormality of the nervous system","abnormal enteric nervous system morphology","Yes","Yes","Yes"
"1253","MGI:104565","HGNC:1785","nervous system phenotype","Brain - Cerebellar Hemisphere","Abnormality of the nervous system","pituitary gland hyperplasia","Yes","Yes","Yes"
"1254","MGI:101926","HGNC:2918","nervous system phenotype","Brain - Substantia nigra","Abnormality of the nervous system","exencephaly","Yes","Yes","No"
"1255","MGI:102720","HGNC:3180","nervous system phenotype","Brain - Frontal Cortex (BA9)","Abnormality of the nervous system","abnormal enteric nervous system morphology","Yes","Yes","Yes"
"1256","MGI:102720","HGNC:3180","nervous system phenotype","Pituitary","Abnormality of the nervous system","abnormal brain morphology","Yes","Yes","Yes"
"1257","MGI:95296","HGNC:3239","nervous system phenotype","Brain - Amygdala","Abnormality of the nervous system","abnormal trigeminal ganglion morphology","Yes","Yes","No"
"1258","MGI:1927753","HGNC:21474","nervous system phenotype","Brain - Nucleus accumbens (basal ganglia)","Abnormality of the nervous system","exencephaly","No","Yes","Yes"
"1259","MGI:1927753","HGNC:21474","nervous system phenotype","Nerve - Tibial","Abnormality of the nervous system","exencephaly","No","Yes","Yes"
"1260","MGI:109482","HGNC:1388","nervous system phenotype","Brain - Cerebellar Hemisphere","Abnormality of the nervous system","cerebellum atrophy","Yes","Yes","Yes"
"1261","MGI:109482","HGNC:1388","nervous system phenotype","Brain - Putamen (basal ganglia)","Abnormality of the nervous system","cerebellum atrophy","Yes","Yes","Yes"
"1262","MGI:88252","HGNC:1455","nervous system phenotype","Brain - Amygdala","Abnormality of the nervous system","exencephaly","Yes","Yes","Yes"
"1263","MGI:88121","HGNC:894","nervous system phenotype","Brain - Cerebellum","Abnormality of the nervous system","abnormal hypothalamus physiology","Yes","Yes","No"
"1264","MGI:102720","HGNC:3180","nervous system phenotype","Brain - Amygdala","Abnormality of the nervous system","abnormal enteric nervous system morphology","Yes","Yes","Yes"
"1265","MGI:104565","HGNC:1785","nervous system phenotype","Brain - Cerebellum","Abnormality of the nervous system","pituitary gland hyperplasia","Yes","Yes","Yes"
"1266","MGI:102720","HGNC:3180","nervous system phenotype","Brain - Spinal cord (cervical c-1)","Abnormality of the nervous system","abnormal brain morphology","Yes","Yes","Yes"
"1267","MGI:104565","HGNC:1785","nervous system phenotype","Brain - Spinal cord (cervical c-1)","Abnormality of the nervous system","pituitary gland hyperplasia","Yes","Yes","Yes"
"1268","MGI:1927753","HGNC:21474","nervous system phenotype","Brain - Spinal cord (cervical c-1)","Abnormality of the nervous system","exencephaly","No","Yes","Yes"
"1269","MGI:101926","HGNC:2918","nervous system phenotype","Brain - Putamen (basal ganglia)","Abnormality of the nervous system","exencephaly","Yes","Yes","Yes"
"1270","MGI:101926","HGNC:2918","nervous system phenotype","Brain - Spinal cord (cervical c-1)","Abnormality of the nervous system","exencephaly","Yes","Yes","No"
"1271","MGI:102720","HGNC:3180","nervous system phenotype","Brain - Spinal cord (cervical c-1)","Abnormality of the nervous system","abnormal enteric nervous system morphology","Yes","Yes","Yes"
"1272","MGI:1289263","HGNC:25244","nervous system phenotype","Brain - Hippocampus","Abnormality of the nervous system","enlarged brain ventricles","Yes","Yes","No"
"1273","MGI:1289263","HGNC:25244","nervous system phenotype","Brain - Cortex","Abnormality of the nervous system","enlarged brain ventricles","Yes","Yes","Yes"
"1274","MGI:1289263","HGNC:25244","nervous system phenotype","Brain - Anterior cingulate cortex (BA24)","Abnormality of the nervous system","enlarged brain ventricles","Yes","Yes","No"
"1275","MGI:96174","HGNC:5103","nervous system phenotype","Brain - Substantia nigra","Abnormality of the nervous system","abnormal rhombomere morphology","Yes","No","No"
"1276","MGI:96174","HGNC:5103","nervous system phenotype","Brain - Nucleus accumbens (basal ganglia)","Abnormality of the nervous system","abnormal rhombomere morphology","Yes","No","No"
"1277","MGI:88121","HGNC:894","nervous system phenotype","Brain - Putamen (basal ganglia)","Abnormality of the nervous system","abnormal hypothalamus physiology","Yes","Yes","No"
"1278","MGI:1097716","HGNC:18060","nervous system phenotype","Brain - Cortex","Abnormality of the nervous system","small olfactory bulb","No","Yes","Yes"
"1279","MGI:104565","HGNC:1785","nervous system phenotype","Brain - Anterior cingulate cortex (BA24)","Abnormality of the nervous system","pituitary gland hyperplasia","Yes","Yes","Yes"
"1280","MGI:1097716","HGNC:18060","nervous system phenotype","Brain - Substantia nigra","Abnormality of the nervous system","small olfactory bulb","No","Yes","No"
"1281","MGI:102720","HGNC:3180","nervous system phenotype","Brain - Frontal Cortex (BA9)","Abnormality of the nervous system","abnormal brain morphology","Yes","Yes","Yes"
"1282","MGI:102720","HGNC:3180","nervous system phenotype","Brain - Nucleus accumbens (basal ganglia)","Abnormality of the nervous system","abnormal brain morphology","Yes","Yes","Yes"
"1283","MGI:96174","HGNC:5103","nervous system phenotype","Brain - Hippocampus","Abnormality of the nervous system","abnormal rhombomere morphology","Yes","No","No"
"1284","MGI:102720","HGNC:3180","nervous system phenotype","Brain - Hypothalamus","Abnormality of the nervous system","abnormal brain morphology","Yes","Yes","Yes"
"1285","MGI:1289263","HGNC:25244","nervous system phenotype","Brain - Cerebellar Hemisphere","Abnormality of the nervous system","enlarged brain ventricles","Yes","Yes","Yes"
"1286","MGI:1289263","HGNC:25244","nervous system phenotype","Brain - Cerebellum","Abnormality of the nervous system","enlarged brain ventricles","Yes","Yes","Yes"
"1287","MGI:1927753","HGNC:21474","nervous system phenotype","Brain - Substantia nigra","Abnormality of the nervous system","exencephaly","No","Yes","Yes"
"1288","MGI:1927753","HGNC:21474","nervous system phenotype","Pituitary","Abnormality of the nervous system","exencephaly","No","Yes","Yes"
"1289","MGI:102720","HGNC:3180","nervous system phenotype","Nerve - Tibial","Abnormality of the nervous system","abnormal brain morphology","Yes","Yes","Yes"
"1290","MGI:102720","HGNC:3180","nervous system phenotype","Brain - Amygdala","Abnormality of the nervous system","abnormal brain morphology","Yes","Yes","Yes"
"1291","MGI:102720","HGNC:3180","nervous system phenotype","Brain - Cortex","Abnormality of the nervous system","abnormal brain morphology","Yes","Yes","Yes"
"1292","MGI:1097716","HGNC:18060","nervous system phenotype","Brain - Nucleus accumbens (basal ganglia)","Abnormality of the nervous system","small olfactory bulb","No","Yes","Yes"
"1293","MGI:102720","HGNC:3180","nervous system phenotype","Brain - Caudate (basal ganglia)","Abnormality of the nervous system","abnormal brain morphology","Yes","Yes","Yes"
"1294","MGI:102720","HGNC:3180","nervous system phenotype","Brain - Cerebellar Hemisphere","Abnormality of the nervous system","abnormal brain morphology","Yes","Yes","Yes"
"1295","MGI:108554","HGNC:2661","nervous system phenotype","Brain - Caudate (basal ganglia)","Abnormality of the nervous system","abnormal nervous system morphology","Yes","Yes","Yes"
"1296","MGI:1289263","HGNC:25244","nervous system phenotype","Brain - Hypothalamus","Abnormality of the nervous system","enlarged brain ventricles","Yes","Yes","Yes"
"1297","MGI:1927753","HGNC:21474","nervous system phenotype","Brain - Cortex","Abnormality of the nervous system","exencephaly","No","Yes","Yes"
"1298","MGI:108554","HGNC:2661","nervous system phenotype","Brain - Cerebellar Hemisphere","Abnormality of the nervous system","abnormal nervous system morphology","Yes","Yes","Yes"
"1299","MGI:88276","HGNC:2514","nervous system phenotype","Brain - Amygdala","Abnormality of the nervous system","increased brain size","Yes","Yes","Yes"
"1300","MGI:88276","HGNC:2514","nervous system phenotype","Brain - Cortex","Abnormality of the nervous system","increased brain size","Yes","Yes","Yes"
"1301","MGI:88276","HGNC:2514","nervous system phenotype","Brain - Cerebellar Hemisphere","Abnormality of the nervous system","increased brain size","Yes","Yes","Yes"
"1302","MGI:88276","HGNC:2514","nervous system phenotype","Brain - Substantia nigra","Abnormality of the nervous system","increased brain size","Yes","Yes","Yes"
"1303","MGI:104565","HGNC:1785","nervous system phenotype","Brain - Hippocampus","Abnormality of the nervous system","pituitary gland hyperplasia","Yes","Yes","Yes"
"1304","MGI:88276","HGNC:2514","nervous system phenotype","Brain - Nucleus accumbens (basal ganglia)","Abnormality of the nervous system","increased brain size","Yes","Yes","Yes"
"1305","MGI:88121","HGNC:894","nervous system phenotype","Brain - Caudate (basal ganglia)","Abnormality of the nervous system","abnormal hypothalamus physiology","Yes","Yes","No"
"1306","MGI:107321","HGNC:19347","nervous system phenotype","Brain - Cortex","Abnormality of the nervous system","thickened cerebral cortex","Yes","Yes","Yes"
"1307","MGI:107321","HGNC:19347","nervous system phenotype","Brain - Hypothalamus","Abnormality of the nervous system","thickened cerebral cortex","Yes","Yes","Yes"
"1308","MGI:102720","HGNC:3180","nervous system phenotype","Brain - Putamen (basal ganglia)","Abnormality of the nervous system","abnormal enteric nervous system morphology","Yes","Yes","Yes"
"1309","MGI:1927753","HGNC:21474","nervous system phenotype","Brain - Caudate (basal ganglia)","Abnormality of the nervous system","exencephaly","No","Yes","Yes"
"1310","MGI:104565","HGNC:1785","nervous system phenotype","Brain - Caudate (basal ganglia)","Abnormality of the nervous system","pituitary gland hyperplasia","Yes","Yes","Yes"
"1311","MGI:88276","HGNC:2514","nervous system phenotype","Brain - Caudate (basal ganglia)","Abnormality of the nervous system","increased brain size","Yes","Yes","Yes"
"1312","MGI:107321","HGNC:19347","nervous system phenotype","Brain - Anterior cingulate cortex (BA24)","Abnormality of the nervous system","thickened cerebral cortex","Yes","Yes","Yes"
"1313","MGI:107321","HGNC:19347","nervous system phenotype","Brain - Substantia nigra","Abnormality of the nervous system","thickened cerebral cortex","Yes","Yes","Yes"
"1314","MGI:107321","HGNC:19347","nervous system phenotype","Brain - Cerebellum","Abnormality of the nervous system","thickened cerebral cortex","Yes","Yes","Yes"
"1315","MGI:1289263","HGNC:25244","nervous system phenotype","Brain - Substantia nigra","Abnormality of the nervous system","enlarged brain ventricles","Yes","Yes","No"
"1316","MGI:1289263","HGNC:25244","nervous system phenotype","Pituitary","Abnormality of the nervous system","enlarged brain ventricles","Yes","Yes","Yes"
"1317","MGI:1097716","HGNC:18060","nervous system phenotype","Brain - Cerebellar Hemisphere","Abnormality of the nervous system","small olfactory bulb","No","No","No"
"1318","MGI:1289263","HGNC:25244","nervous system phenotype","Brain - Spinal cord (cervical c-1)","Abnormality of the nervous system","enlarged brain ventricles","Yes","Yes","No"
"1319","MGI:1289263","HGNC:25244","nervous system phenotype","Brain - Putamen (basal ganglia)","Abnormality of the nervous system","enlarged brain ventricles","Yes","Yes","Yes"
"1320","MGI:1289263","HGNC:25244","nervous system phenotype","Nerve - Tibial","Abnormality of the nervous system","enlarged brain ventricles","Yes","Yes","Yes"
"1321","MGI:1289263","HGNC:25244","nervous system phenotype","Brain - Caudate (basal ganglia)","Abnormality of the nervous system","enlarged brain ventricles","Yes","Yes","Yes"
"1322","MGI:1289263","HGNC:25244","nervous system phenotype","Brain - Frontal Cortex (BA9)","Abnormality of the nervous system","enlarged brain ventricles","Yes","Yes","Yes"
"1323","MGI:88253","HGNC:1382","nervous system phenotype","Brain - Spinal cord (cervical c-1)","Abnormality of the nervous system","abnormal cerebellum morphology","Yes","Yes","Yes"
"1324","MGI:1289263","HGNC:25244","nervous system phenotype","Brain - Nucleus accumbens (basal ganglia)","Abnormality of the nervous system","enlarged brain ventricles","Yes","Yes","Yes"
"1325","MGI:108554","HGNC:2661","nervous system phenotype","Brain - Frontal Cortex (BA9)","Abnormality of the nervous system","abnormal nervous system morphology","Yes","Yes","Yes"
"1326","MGI:108554","HGNC:2661","nervous system phenotype","Brain - Cortex","Abnormality of the nervous system","abnormal nervous system morphology","Yes","Yes","Yes"
"1327","MGI:108554","HGNC:2661","nervous system phenotype","Pituitary","Abnormality of the nervous system","abnormal nervous system morphology","Yes","Yes","No"
"1328","MGI:108554","HGNC:2661","nervous system phenotype","Brain - Substantia nigra","Abnormality of the nervous system","abnormal nervous system morphology","Yes","Yes","Yes"
"1329","MGI:1927753","HGNC:21474","nervous system phenotype","Brain - Anterior cingulate cortex (BA24)","Abnormality of the nervous system","exencephaly","No","Yes","Yes"
"1330","MGI:1927753","HGNC:21474","nervous system phenotype","Brain - Cerebellar Hemisphere","Abnormality of the nervous system","exencephaly","No","Yes","Yes"
"1331","MGI:1927753","HGNC:21474","nervous system phenotype","Brain - Hypothalamus","Abnormality of the nervous system","exencephaly","No","Yes","Yes"
"1332","MGI:102720","HGNC:3180","nervous system phenotype","Brain - Putamen (basal ganglia)","Abnormality of the nervous system","abnormal brain morphology","Yes","Yes","Yes"
"1333","MGI:1927753","HGNC:21474","nervous system phenotype","Brain - Frontal Cortex (BA9)","Abnormality of the nervous system","exencephaly","No","Yes","Yes"
"1334","MGI:1927753","HGNC:21474","nervous system phenotype","Brain - Amygdala","Abnormality of the nervous system","exencephaly","No","Yes","Yes"
"1335","MGI:95729","HGNC:4319","nervous system phenotype","Brain - Cerebellum","Abnormality of the nervous system","abnormal neural tube morphology","Yes","Yes","No"
"1336","MGI:108554","HGNC:2661","nervous system phenotype","Brain - Cerebellum","Abnormality of the nervous system","abnormal nervous system morphology","Yes","Yes","Yes"
"1337","MGI:108554","HGNC:2661","nervous system phenotype","Brain - Hypothalamus","Abnormality of the nervous system","abnormal nervous system morphology","Yes","Yes","Yes"
"1338","MGI:95729","HGNC:4319","nervous system phenotype","Pituitary","Abnormality of the nervous system","abnormal neural tube morphology","Yes","Yes","Yes"
"1339","MGI:95729","HGNC:4319","nervous system phenotype","Brain - Hippocampus","Abnormality of the nervous system","abnormal neural tube morphology","Yes","Yes","Yes"
"1340","MGI:95729","HGNC:4319","nervous system phenotype","Brain - Hypothalamus","Abnormality of the nervous system","abnormal neural tube morphology","Yes","Yes","Yes"
"1341","MGI:1927753","HGNC:21474","nervous system phenotype","Brain - Putamen (basal ganglia)","Abnormality of the nervous system","exencephaly","No","Yes","Yes"
"1342","MGI:95729","HGNC:4319","nervous system phenotype","Brain - Amygdala","Abnormality of the nervous system","abnormal neural tube morphology","Yes","Yes","Yes"
"1343","MGI:95729","HGNC:4319","nervous system phenotype","Brain - Cerebellar Hemisphere","Abnormality of the nervous system","abnormal neural tube morphology","Yes","Yes","No"
"1344","MGI:95729","HGNC:4319","nervous system phenotype","Brain - Spinal cord (cervical c-1)","Abnormality of the nervous system","abnormal neural tube morphology","Yes","Yes","No"
"1345","MGI:88276","HGNC:2514","nervous system phenotype","Brain - Hypothalamus","Abnormality of the nervous system","increased brain size","Yes","Yes","Yes"
"1346","MGI:88276","HGNC:2514","nervous system phenotype","Brain - Putamen (basal ganglia)","Abnormality of the nervous system","increased brain size","Yes","Yes","Yes"
"1347","MGI:88276","HGNC:2514","nervous system phenotype","Brain - Spinal cord (cervical c-1)","Abnormality of the nervous system","increased brain size","Yes","Yes","Yes"
"1348","MGI:88276","HGNC:2514","nervous system phenotype","Brain - Frontal Cortex (BA9)","Abnormality of the nervous system","increased brain size","Yes","Yes","Yes"
"1349","MGI:102720","HGNC:3180","nervous system phenotype","Brain - Caudate (basal ganglia)","Abnormality of the nervous system","abnormal enteric nervous system morphology","Yes","Yes","Yes"
"1350","MGI:102720","HGNC:3180","nervous system phenotype","Brain - Cerebellar Hemisphere","Abnormality of the nervous system","abnormal enteric nervous system morphology","Yes","Yes","Yes"
"1351","MGI:107321","HGNC:19347","nervous system phenotype","Brain - Caudate (basal ganglia)","Abnormality of the nervous system","thickened cerebral cortex","Yes","Yes","No"
"1352","MGI:88276","HGNC:2514","nervous system phenotype","Brain - Anterior cingulate cortex (BA24)","Abnormality of the nervous system","increased brain size","Yes","Yes","Yes"
"1353","MGI:88276","HGNC:2514","nervous system phenotype","Nerve - Tibial","Abnormality of the nervous system","increased brain size","Yes","Yes","Yes"
"1354","MGI:95729","HGNC:4319","nervous system phenotype","Brain - Spinal cord (cervical c-1)","Abnormality of the nervous system","abnormal lateral ventricle morphology","Yes","Yes","No"
"1355","MGI:107321","HGNC:19347","nervous system phenotype","Brain - Putamen (basal ganglia)","Abnormality of the nervous system","thickened cerebral cortex","Yes","Yes","No"
"1356","MGI:107321","HGNC:19347","nervous system phenotype","Brain - Nucleus accumbens (basal ganglia)","Abnormality of the nervous system","thickened cerebral cortex","Yes","Yes","No"
"1357","MGI:1289263","HGNC:25244","nervous system phenotype","Brain - Amygdala","Abnormality of the nervous system","enlarged brain ventricles","Yes","Yes","No"
"1358","MGI:95729","HGNC:4319","nervous system phenotype","Brain - Nucleus accumbens (basal ganglia)","Abnormality of the nervous system","abnormal lateral ventricle morphology","Yes","Yes","Yes"
"1359","MGI:95729","HGNC:4319","nervous system phenotype","Nerve - Tibial","Abnormality of the nervous system","abnormal lateral ventricle morphology","Yes","Yes","Yes"
"1360","MGI:95729","HGNC:4319","nervous system phenotype","Brain - Cerebellum","Abnormality of the nervous system","wavy neural tube","Yes","Yes","No"
"1361","MGI:95729","HGNC:4319","nervous system phenotype","Brain - Substantia nigra","Abnormality of the nervous system","wavy neural tube","Yes","Yes","Yes"
"1362","MGI:95729","HGNC:4319","nervous system phenotype","Brain - Frontal Cortex (BA9)","Abnormality of the nervous system","wavy neural tube","Yes","Yes","Yes"
"1363","MGI:95729","HGNC:4319","nervous system phenotype","Pituitary","Abnormality of the nervous system","wavy neural tube","Yes","Yes","Yes"
"1364","MGI:95729","HGNC:4319","nervous system phenotype","Brain - Hippocampus","Abnormality of the nervous system","wavy neural tube","Yes","Yes","Yes"
"1365","MGI:95729","HGNC:4319","nervous system phenotype","Brain - Hypothalamus","Abnormality of the nervous system","wavy neural tube","Yes","Yes","Yes"
"1366","MGI:95729","HGNC:4319","nervous system phenotype","Brain - Anterior cingulate cortex (BA24)","Abnormality of the nervous system","wavy neural tube","Yes","Yes","Yes"
"1367","MGI:95729","HGNC:4319","nervous system phenotype","Brain - Amygdala","Abnormality of the nervous system","wavy neural tube","Yes","Yes","Yes"
"1368","MGI:95729","HGNC:4319","nervous system phenotype","Brain - Cerebellar Hemisphere","Abnormality of the nervous system","wavy neural tube","Yes","Yes","No"
"1369","MGI:108554","HGNC:2661","nervous system phenotype","Brain - Spinal cord (cervical c-1)","Abnormality of the nervous system","abnormal nervous system morphology","Yes","Yes","Yes"
"1370","MGI:108554","HGNC:2661","nervous system phenotype","Brain - Anterior cingulate cortex (BA24)","Abnormality of the nervous system","abnormal nervous system morphology","Yes","Yes","Yes"
"1371","MGI:108554","HGNC:2661","nervous system phenotype","Brain - Putamen (basal ganglia)","Abnormality of the nervous system","abnormal nervous system morphology","Yes","Yes","No"
"1372","MGI:1927753","HGNC:21474","nervous system phenotype","Brain - Hippocampus","Abnormality of the nervous system","exencephaly","No","Yes","Yes"
"1373","MGI:108554","HGNC:2661","nervous system phenotype","Brain - Hippocampus","Abnormality of the nervous system","abnormal nervous system morphology","Yes","Yes","Yes"
"1374","MGI:108554","HGNC:2661","nervous system phenotype","Brain - Nucleus accumbens (basal ganglia)","Abnormality of the nervous system","abnormal nervous system morphology","Yes","Yes","Yes"
"1375","MGI:109482","HGNC:1388","nervous system phenotype","Brain - Caudate (basal ganglia)","Abnormality of the nervous system","cerebellum atrophy","Yes","Yes","Yes"
"1376","MGI:95729","HGNC:4319","nervous system phenotype","Brain - Substantia nigra","Abnormality of the nervous system","abnormal neural tube morphology","Yes","Yes","Yes"
"1377","MGI:95729","HGNC:4319","nervous system phenotype","Brain - Frontal Cortex (BA9)","Abnormality of the nervous system","abnormal neural tube morphology","Yes","Yes","Yes"
"1378","MGI:109482","HGNC:1388","nervous system phenotype","Brain - Cortex","Abnormality of the nervous system","cerebellum atrophy","Yes","Yes","Yes"
"1379","MGI:109482","HGNC:1388","nervous system phenotype","Brain - Cerebellum","Abnormality of the nervous system","cerebellum atrophy","Yes","Yes","Yes"
"1380","MGI:109482","HGNC:1388","nervous system phenotype","Brain - Hippocampus","Abnormality of the nervous system","cerebellum atrophy","Yes","Yes","Yes"
"1381","MGI:104565","HGNC:1785","nervous system phenotype","Brain - Cerebellar Hemisphere","Abnormality of the nervous system","increased pituitary gland tumor incidence","Yes","Yes","Yes"
"1382","MGI:104565","HGNC:1785","nervous system phenotype","Nerve - Tibial","Abnormality of the nervous system","increased pituitary gland tumor incidence","Yes","Yes","Yes"
"1383","MGI:109482","HGNC:1388","nervous system phenotype","Brain - Amygdala","Abnormality of the nervous system","cerebellum atrophy","Yes","Yes","Yes"
"1384","MGI:88252","HGNC:1455","nervous system phenotype","Brain - Cortex","Abnormality of the nervous system","exencephaly","Yes","Yes","Yes"
"1385","MGI:95729","HGNC:4319","nervous system phenotype","Brain - Putamen (basal ganglia)","Abnormality of the nervous system","abnormal neural tube morphology","Yes","Yes","Yes"
"1386","MGI:95729","HGNC:4319","nervous system phenotype","Brain - Cortex","Abnormality of the nervous system","abnormal neural tube morphology","Yes","Yes","Yes"
"1387","MGI:95729","HGNC:4319","nervous system phenotype","Brain - Caudate (basal ganglia)","Abnormality of the nervous system","abnormal neural tube morphology","Yes","Yes","Yes"
"1388","MGI:95729","HGNC:4319","nervous system phenotype","Brain - Nucleus accumbens (basal ganglia)","Abnormality of the nervous system","abnormal neural tube morphology","Yes","Yes","Yes"
"1389","MGI:104565","HGNC:1785","nervous system phenotype","Brain - Putamen (basal ganglia)","Abnormality of the nervous system","pituitary gland hyperplasia","Yes","Yes","Yes"
"1390","MGI:104565","HGNC:1785","nervous system phenotype","Brain - Amygdala","Abnormality of the nervous system","pituitary gland hyperplasia","Yes","Yes","Yes"
"1391","MGI:104565","HGNC:1785","nervous system phenotype","Pituitary","Abnormality of the nervous system","increased pituitary gland weight","Yes","Yes","Yes"
"1392","MGI:2444748","HGNC:20626","nervous system phenotype","Brain - Cortex","Abnormality of the nervous system","abnormal telencephalon morphology","Yes","Yes","Yes"
"1393","MGI:2444748","HGNC:20626","nervous system phenotype","Pituitary","Abnormality of the nervous system","abnormal telencephalon morphology","Yes","Yes","Yes"
"1394","MGI:2444748","HGNC:20626","nervous system phenotype","Brain - Caudate (basal ganglia)","Abnormality of the nervous system","abnormal telencephalon morphology","Yes","Yes","Yes"
"1395","MGI:95729","HGNC:4319","nervous system phenotype","Brain - Putamen (basal ganglia)","Abnormality of the nervous system","abnormal lateral ventricle morphology","Yes","Yes","Yes"
"1396","MGI:95729","HGNC:4319","nervous system phenotype","Brain - Cortex","Abnormality of the nervous system","abnormal lateral ventricle morphology","Yes","Yes","Yes"
"1397","MGI:95729","HGNC:4319","nervous system phenotype","Brain - Caudate (basal ganglia)","Abnormality of the nervous system","abnormal lateral ventricle morphology","Yes","Yes","Yes"
"1398","MGI:107321","HGNC:19347","nervous system phenotype","Brain - Spinal cord (cervical c-1)","Abnormality of the nervous system","thickened cerebral cortex","Yes","Yes","No"
"1399","MGI:107321","HGNC:19347","nervous system phenotype","Brain - Amygdala","Abnormality of the nervous system","thickened cerebral cortex","Yes","Yes","Yes"
"1400","MGI:107321","HGNC:19347","nervous system phenotype","Pituitary","Abnormality of the nervous system","thickened cerebral cortex","Yes","Yes","Yes"
"1401","MGI:107321","HGNC:19347","nervous system phenotype","Brain - Frontal Cortex (BA9)","Abnormality of the nervous system","thickened cerebral cortex","Yes","Yes","Yes"
"1402","MGI:88253","HGNC:1382","nervous system phenotype","Brain - Amygdala","Abnormality of the nervous system","abnormal cerebellum morphology","Yes","Yes","Yes"
"1403","MGI:88253","HGNC:1382","nervous system phenotype","Brain - Hippocampus","Abnormality of the nervous system","abnormal cerebellum morphology","Yes","Yes","Yes"
"1404","MGI:101791","HGNC:6132","nervous system phenotype","Brain - Caudate (basal ganglia)","Abnormality of the nervous system","abnormal spinal cord interneuron morphology","Yes","Yes","Yes"
"1405","MGI:108554","HGNC:2661","nervous system phenotype","Nerve - Tibial","Abnormality of the nervous system","abnormal nervous system morphology","Yes","Yes","Yes"
"1406","MGI:101791","HGNC:6132","nervous system phenotype","Nerve - Tibial","Abnormality of the nervous system","abnormal spinal cord interneuron morphology","Yes","No","No"
"1407","MGI:101791","HGNC:6132","nervous system phenotype","Pituitary","Abnormality of the nervous system","abnormal spinal cord interneuron morphology","Yes","Yes","Yes"
"1408","MGI:101791","HGNC:6132","nervous system phenotype","Brain - Frontal Cortex (BA9)","Abnormality of the nervous system","abnormal spinal cord interneuron morphology","Yes","No","No"
"1409","MGI:95729","HGNC:4319","nervous system phenotype","Brain - Spinal cord (cervical c-1)","Abnormality of the nervous system","wavy neural tube","Yes","Yes","No"
"1410","MGI:95729","HGNC:4319","nervous system phenotype","Brain - Putamen (basal ganglia)","Abnormality of the nervous system","wavy neural tube","Yes","Yes","Yes"
"1411","MGI:95729","HGNC:4319","nervous system phenotype","Brain - Cortex","Abnormality of the nervous system","wavy neural tube","Yes","Yes","Yes"
"1412","MGI:95729","HGNC:4319","nervous system phenotype","Brain - Caudate (basal ganglia)","Abnormality of the nervous system","wavy neural tube","Yes","Yes","Yes"
"1413","MGI:95729","HGNC:4319","nervous system phenotype","Brain - Nucleus accumbens (basal ganglia)","Abnormality of the nervous system","wavy neural tube","Yes","Yes","Yes"
"1414","MGI:95729","HGNC:4319","nervous system phenotype","Nerve - Tibial","Abnormality of the nervous system","wavy neural tube","Yes","Yes","Yes"
"1415","MGI:109482","HGNC:1388","nervous system phenotype","Brain - Spinal cord (cervical c-1)","Abnormality of the nervous system","abnormal brain morphology","Yes","Yes","Yes"
"1416","MGI:109482","HGNC:1388","nervous system phenotype","Brain - Nucleus accumbens (basal ganglia)","Abnormality of the nervous system","small cerebellum","Yes","Yes","Yes"
"1417","MGI:109482","HGNC:1388","nervous system phenotype","Brain - Substantia nigra","Abnormality of the nervous system","small cerebellum","Yes","Yes","Yes"
"1418","MGI:109482","HGNC:1388","nervous system phenotype","Brain - Hypothalamus","Abnormality of the nervous system","small cerebellum","Yes","Yes","Yes"
"1419","MGI:109482","HGNC:1388","nervous system phenotype","Brain - Anterior cingulate cortex (BA24)","Abnormality of the nervous system","small cerebellum","Yes","Yes","Yes"
"1420","MGI:109482","HGNC:1388","nervous system phenotype","Brain - Caudate (basal ganglia)","Abnormality of the nervous system","small cerebellum","Yes","Yes","Yes"
"1421","MGI:101926","HGNC:2918","nervous system phenotype","Brain - Cortex","Abnormality of the nervous system","exencephaly","Yes","Yes","Yes"
"1422","MGI:101926","HGNC:2918","nervous system phenotype","Brain - Cerebellum","Abnormality of the nervous system","exencephaly","Yes","No","No"
"1423","MGI:101926","HGNC:2918","nervous system phenotype","Pituitary","Abnormality of the nervous system","exencephaly","Yes","Yes","No"
"1424","MGI:101926","HGNC:2918","nervous system phenotype","Brain - Frontal Cortex (BA9)","Abnormality of the nervous system","exencephaly","Yes","Yes","Yes"
"1425","MGI:109482","HGNC:1388","nervous system phenotype","Brain - Hippocampus","Abnormality of the nervous system","small cerebellum","Yes","Yes","Yes"
"1426","MGI:109482","HGNC:1388","nervous system phenotype","Brain - Cerebellar Hemisphere","Abnormality of the nervous system","small cerebellum","Yes","Yes","Yes"
"1427","MGI:109482","HGNC:1388","nervous system phenotype","Brain - Putamen (basal ganglia)","Abnormality of the nervous system","small cerebellum","Yes","Yes","Yes"
"1428","MGI:109482","HGNC:1388","nervous system phenotype","Brain - Amygdala","Abnormality of the nervous system","small cerebellum","Yes","Yes","Yes"
"1429","MGI:107321","HGNC:19347","nervous system phenotype","Nerve - Tibial","Abnormality of the nervous system","thickened cerebral cortex","Yes","No","No"
"1430","MGI:107321","HGNC:19347","nervous system phenotype","Brain - Cerebellar Hemisphere","Abnormality of the nervous system","thickened cerebral cortex","Yes","Yes","Yes"
"1431","MGI:101926","HGNC:2918","nervous system phenotype","Brain - Nucleus accumbens (basal ganglia)","Abnormality of the nervous system","exencephaly","Yes","Yes","Yes"
"1432","MGI:101926","HGNC:2918","nervous system phenotype","Brain - Anterior cingulate cortex (BA24)","Abnormality of the nervous system","exencephaly","Yes","Yes","Yes"
"1433","MGI:96174","HGNC:5103","nervous system phenotype","Brain - Putamen (basal ganglia)","Abnormality of the nervous system","abnormal rhombomere morphology","Yes","No","No"
"1434","MGI:95621","HGNC:4083","nervous system phenotype","Brain - Cerebellum","Abnormality of the nervous system","abnormal hippocampus neuron morphology","Yes","Yes","Yes"
"1435","MGI:2444748","HGNC:20626","nervous system phenotype","Brain - Spinal cord (cervical c-1)","Abnormality of the nervous system","abnormal telencephalon morphology","Yes","Yes","Yes"
"1436","MGI:109482","HGNC:1388","nervous system phenotype","Brain - Nucleus accumbens (basal ganglia)","Abnormality of the nervous system","cerebellum hypoplasia","Yes","Yes","Yes"
"1437","MGI:109482","HGNC:1388","nervous system phenotype","Brain - Substantia nigra","Abnormality of the nervous system","cerebellum hypoplasia","Yes","Yes","Yes"
"1438","MGI:95296","HGNC:3239","nervous system phenotype","Brain - Putamen (basal ganglia)","Abnormality of the nervous system","abnormal trigeminal ganglion morphology","Yes","Yes","Yes"
"1439","MGI:95296","HGNC:3239","nervous system phenotype","Brain - Substantia nigra","Abnormality of the nervous system","abnormal trigeminal ganglion morphology","Yes","Yes","No"
"1440","MGI:95296","HGNC:3239","nervous system phenotype","Nerve - Tibial","Abnormality of the nervous system","abnormal trigeminal ganglion morphology","Yes","Yes","Yes"
"1441","MGI:96182","HGNC:5111","nervous system phenotype","Brain - Spinal cord (cervical c-1)","Abnormality of the nervous system","abnormal rhombomere 4 morphology","Yes","No","No"
"1442","MGI:96182","HGNC:5111","nervous system phenotype","Brain - Nucleus accumbens (basal ganglia)","Abnormality of the nervous system","abnormal rhombomere 4 morphology","Yes","No","No"
"1443","MGI:96182","HGNC:5111","nervous system phenotype","Brain - Putamen (basal ganglia)","Abnormality of the nervous system","abnormal rhombomere 4 morphology","Yes","No","No"
"1444","MGI:96182","HGNC:5111","nervous system phenotype","Brain - Cortex","Abnormality of the nervous system","abnormal rhombomere 4 morphology","Yes","No","No"
"1445","MGI:1097716","HGNC:18060","nervous system phenotype","Nerve - Tibial","Abnormality of the nervous system","small olfactory bulb","No","No","No"
"1446","MGI:1097716","HGNC:18060","nervous system phenotype","Brain - Spinal cord (cervical c-1)","Abnormality of the nervous system","small olfactory bulb","No","No","No"
"1447","MGI:1097716","HGNC:18060","nervous system phenotype","Brain - Hypothalamus","Abnormality of the nervous system","small olfactory bulb","No","Yes","Yes"
"1448","MGI:1097716","HGNC:18060","nervous system phenotype","Brain - Amygdala","Abnormality of the nervous system","small olfactory bulb","No","Yes","Yes"
"1449","MGI:101791","HGNC:6132","nervous system phenotype","Brain - Substantia nigra","Abnormality of the nervous system","abnormal spinal cord interneuron morphology","Yes","No","No"
"1450","MGI:101791","HGNC:6132","nervous system phenotype","Brain - Cortex","Abnormality of the nervous system","abnormal spinal cord interneuron morphology","Yes","No","No"
"1451","MGI:101791","HGNC:6132","nervous system phenotype","Brain - Hypothalamus","Abnormality of the nervous system","abnormal spinal cord interneuron morphology","Yes","Yes","Yes"
"1452","MGI:101791","HGNC:6132","nervous system phenotype","Brain - Cerebellum","Abnormality of the nervous system","abnormal spinal cord interneuron morphology","Yes","No","No"
"1453","MGI:101791","HGNC:6132","nervous system phenotype","Brain - Nucleus accumbens (basal ganglia)","Abnormality of the nervous system","abnormal spinal cord interneuron morphology","Yes","Yes","Yes"
"1454","MGI:101791","HGNC:6132","nervous system phenotype","Brain - Cerebellar Hemisphere","Abnormality of the nervous system","abnormal spinal cord interneuron morphology","Yes","No","No"
"1455","MGI:1097716","HGNC:18060","nervous system phenotype","Brain - Anterior cingulate cortex (BA24)","Abnormality of the nervous system","small olfactory bulb","No","Yes","Yes"
"1456","MGI:1097716","HGNC:18060","nervous system phenotype","Brain - Cerebellar Hemisphere","Abnormality of the nervous system","abnormal thalamus morphology","Yes","No","No"
"1457","MGI:1097716","HGNC:18060","nervous system phenotype","Brain - Cortex","Abnormality of the nervous system","abnormal thalamus morphology","Yes","Yes","Yes"
"1458","MGI:1097716","HGNC:18060","nervous system phenotype","Brain - Nucleus accumbens (basal ganglia)","Abnormality of the nervous system","abnormal thalamus morphology","Yes","Yes","Yes"
"1459","MGI:1097716","HGNC:18060","nervous system phenotype","Brain - Substantia nigra","Abnormality of the nervous system","abnormal thalamus morphology","Yes","Yes","No"
"1460","MGI:1097716","HGNC:18060","nervous system phenotype","Nerve - Tibial","Abnormality of the nervous system","abnormal thalamus morphology","Yes","No","No"
"1461","MGI:1097716","HGNC:18060","nervous system phenotype","Brain - Spinal cord (cervical c-1)","Abnormality of the nervous system","abnormal thalamus morphology","Yes","No","No"
"1462","MGI:1097716","HGNC:18060","nervous system phenotype","Brain - Hypothalamus","Abnormality of the nervous system","abnormal thalamus morphology","Yes","Yes","Yes"
"1463","MGI:1097716","HGNC:18060","nervous system phenotype","Brain - Amygdala","Abnormality of the nervous system","abnormal thalamus morphology","Yes","Yes","Yes"
"1464","MGI:1097716","HGNC:18060","nervous system phenotype","Brain - Caudate (basal ganglia)","Abnormality of the nervous system","abnormal thalamus morphology","Yes","Yes","Yes"
"1465","MGI:1097716","HGNC:18060","nervous system phenotype","Pituitary","Abnormality of the nervous system","abnormal thalamus morphology","Yes","Yes","No"
"1466","MGI:1097716","HGNC:18060","nervous system phenotype","Brain - Cerebellum","Abnormality of the nervous system","abnormal thalamus morphology","Yes","No","No"
"1467","MGI:1097716","HGNC:18060","nervous system phenotype","Brain - Hippocampus","Abnormality of the nervous system","abnormal thalamus morphology","Yes","Yes","Yes"
"1468","MGI:1097716","HGNC:18060","nervous system phenotype","Brain - Frontal Cortex (BA9)","Abnormality of the nervous system","abnormal thalamus morphology","Yes","Yes","Yes"
"1469","MGI:109482","HGNC:1388","nervous system phenotype","Pituitary","Abnormality of the nervous system","small cerebellum","Yes","Yes","Yes"
"1470","MGI:101926","HGNC:2918","nervous system phenotype","Brain - Hypothalamus","Abnormality of the nervous system","exencephaly","Yes","Yes","Yes"
"1471","MGI:1097716","HGNC:18060","nervous system phenotype","Brain - Cerebellar Hemisphere","Abnormality of the nervous system","abnormal telencephalon morphology","Yes","No","No"
"1472","MGI:1097716","HGNC:18060","nervous system phenotype","Brain - Cortex","Abnormality of the nervous system","abnormal telencephalon morphology","Yes","Yes","Yes"
"1473","MGI:1097716","HGNC:18060","nervous system phenotype","Brain - Nucleus accumbens (basal ganglia)","Abnormality of the nervous system","abnormal telencephalon morphology","Yes","Yes","Yes"
"1474","MGI:1097716","HGNC:18060","nervous system phenotype","Brain - Substantia nigra","Abnormality of the nervous system","abnormal telencephalon morphology","Yes","Yes","No"
"1475","MGI:95296","HGNC:3239","nervous system phenotype","Brain - Spinal cord (cervical c-1)","Abnormality of the nervous system","abnormal trigeminal ganglion morphology","Yes","Yes","Yes"
"1476","MGI:95296","HGNC:3239","nervous system phenotype","Brain - Cerebellum","Abnormality of the nervous system","abnormal trigeminal ganglion morphology","Yes","Yes","No"
"1477","MGI:95296","HGNC:3239","nervous system phenotype","Brain - Hippocampus","Abnormality of the nervous system","abnormal trigeminal ganglion morphology","Yes","Yes","No"
"1478","MGI:1889008","HGNC:13211","nervous system phenotype","Brain - Cerebellar Hemisphere","Abnormality of the nervous system","exencephaly","Yes","Yes","Yes"
"1479","MGI:109482","HGNC:1388","nervous system phenotype","Brain - Hypothalamus","Abnormality of the nervous system","cerebellum hypoplasia","Yes","Yes","Yes"
"1480","MGI:109482","HGNC:1388","nervous system phenotype","Brain - Anterior cingulate cortex (BA24)","Abnormality of the nervous system","cerebellum hypoplasia","Yes","Yes","Yes"
"1481","MGI:109482","HGNC:1388","nervous system phenotype","Brain - Caudate (basal ganglia)","Abnormality of the nervous system","cerebellum hypoplasia","Yes","Yes","Yes"
"1482","MGI:109482","HGNC:1388","nervous system phenotype","Nerve - Tibial","Abnormality of the nervous system","cerebellum hypoplasia","Yes","Yes","Yes"
"1483","MGI:109482","HGNC:1388","nervous system phenotype","Brain - Frontal Cortex (BA9)","Abnormality of the nervous system","cerebellum hypoplasia","Yes","Yes","Yes"
"1484","MGI:109482","HGNC:1388","nervous system phenotype","Brain - Cortex","Abnormality of the nervous system","cerebellum hypoplasia","Yes","Yes","Yes"
"1485","MGI:109482","HGNC:1388","nervous system phenotype","Brain - Cerebellum","Abnormality of the nervous system","cerebellum hypoplasia","Yes","Yes","Yes"
"1486","MGI:109482","HGNC:1388","nervous system phenotype","Brain - Hippocampus","Abnormality of the nervous system","cerebellum hypoplasia","Yes","Yes","Yes"
"1487","MGI:109482","HGNC:1388","nervous system phenotype","Brain - Cerebellar Hemisphere","Abnormality of the nervous system","cerebellum hypoplasia","Yes","Yes","Yes"
"1488","MGI:109482","HGNC:1388","nervous system phenotype","Brain - Putamen (basal ganglia)","Abnormality of the nervous system","cerebellum hypoplasia","Yes","Yes","Yes"
"1489","MGI:1097716","HGNC:18060","nervous system phenotype","Brain - Caudate (basal ganglia)","Abnormality of the nervous system","small olfactory bulb","No","Yes","Yes"
"1490","MGI:1097716","HGNC:18060","nervous system phenotype","Pituitary","Abnormality of the nervous system","small olfactory bulb","No","Yes","No"
"1491","MGI:1097716","HGNC:18060","nervous system phenotype","Brain - Cerebellum","Abnormality of the nervous system","small olfactory bulb","No","No","No"
"1492","MGI:102720","HGNC:3180","nervous system phenotype","Brain - Anterior cingulate cortex (BA24)","Abnormality of the nervous system","abnormal brain morphology","Yes","Yes","Yes"
"1493","MGI:1097716","HGNC:18060","nervous system phenotype","Brain - Frontal Cortex (BA9)","Abnormality of the nervous system","small olfactory bulb","No","Yes","Yes"
"1494","MGI:1097716","HGNC:18060","nervous system phenotype","Brain - Putamen (basal ganglia)","Abnormality of the nervous system","small olfactory bulb","No","Yes","Yes"
"1495","MGI:109482","HGNC:1388","nervous system phenotype","Brain - Anterior cingulate cortex (BA24)","Abnormality of the nervous system","cerebellum atrophy","Yes","Yes","Yes"
"1496","MGI:104565","HGNC:1785","nervous system phenotype","Brain - Frontal Cortex (BA9)","Abnormality of the nervous system","increased pituitary gland tumor incidence","Yes","Yes","Yes"
"1497","MGI:109482","HGNC:1388","nervous system phenotype","Nerve - Tibial","Abnormality of the nervous system","cerebellum atrophy","Yes","Yes","Yes"
"1498","MGI:109482","HGNC:1388","nervous system phenotype","Brain - Frontal Cortex (BA9)","Abnormality of the nervous system","cerebellum atrophy","Yes","Yes","Yes"
"1499","MGI:104565","HGNC:1785","nervous system phenotype","Brain - Hypothalamus","Abnormality of the nervous system","increased pituitary gland tumor incidence","Yes","Yes","Yes"
"1500","MGI:104565","HGNC:1785","nervous system phenotype","Brain - Substantia nigra","Abnormality of the nervous system","increased pituitary gland tumor incidence","Yes","Yes","Yes"
"1501","MGI:104565","HGNC:1785","nervous system phenotype","Brain - Hippocampus","Abnormality of the nervous system","increased pituitary gland tumor incidence","Yes","Yes","Yes"
"1502","MGI:88145","HGNC:1033","nervous system phenotype","Brain - Caudate (basal ganglia)","Abnormality of the nervous system","decreased hippocampus volume","Yes","No","No"
"1503","MGI:1347464","HGNC:3811","nervous system phenotype","Brain - Putamen (basal ganglia)","Abnormality of the nervous system","decreased forebrain volume","Yes","Yes","Yes"
"1504","MGI:104565","HGNC:1785","nervous system phenotype","Brain - Cerebellum","Abnormality of the nervous system","increased pituitary gland tumor incidence","Yes","Yes","Yes"
"1505","MGI:104565","HGNC:1785","nervous system phenotype","Brain - Anterior cingulate cortex (BA24)","Abnormality of the nervous system","increased pituitary gland tumor incidence","Yes","Yes","Yes"
"1506","MGI:104565","HGNC:1785","nervous system phenotype","Brain - Spinal cord (cervical c-1)","Abnormality of the nervous system","increased pituitary gland tumor incidence","Yes","Yes","Yes"
"1507","MGI:104565","HGNC:1785","nervous system phenotype","Brain - Putamen (basal ganglia)","Abnormality of the nervous system","increased pituitary gland tumor incidence","Yes","Yes","Yes"
"1508","MGI:104565","HGNC:1785","nervous system phenotype","Brain - Amygdala","Abnormality of the nervous system","increased pituitary gland tumor incidence","Yes","Yes","Yes"
"1509","MGI:1097716","HGNC:18060","nervous system phenotype","Brain - Putamen (basal ganglia)","Abnormality of the nervous system","abnormal thalamus morphology","Yes","Yes","Yes"
"1510","MGI:1097716","HGNC:18060","nervous system phenotype","Brain - Anterior cingulate cortex (BA24)","Abnormality of the nervous system","abnormal thalamus morphology","Yes","Yes","Yes"
"1511","MGI:104565","HGNC:1785","nervous system phenotype","Brain - Frontal Cortex (BA9)","Abnormality of the nervous system","increased pituitary gland weight","Yes","Yes","Yes"
"1512","MGI:104565","HGNC:1785","nervous system phenotype","Brain - Cortex","Abnormality of the nervous system","increased pituitary gland weight","Yes","Yes","Yes"
"1513","MGI:104565","HGNC:1785","nervous system phenotype","Brain - Hypothalamus","Abnormality of the nervous system","increased pituitary gland weight","Yes","Yes","Yes"
"1514","MGI:104565","HGNC:1785","nervous system phenotype","Brain - Substantia nigra","Abnormality of the nervous system","increased pituitary gland weight","Yes","Yes","Yes"
"1515","MGI:95294","HGNC:3236","nervous system phenotype","Brain - Caudate (basal ganglia)","Abnormality of the nervous system","abnormal cerebral cortex morphology","Yes","Yes","Yes"
"1516","MGI:95294","HGNC:3236","nervous system phenotype","Brain - Cerebellum","Abnormality of the nervous system","abnormal cerebral cortex morphology","Yes","Yes","Yes"
"1517","MGI:1889008","HGNC:13211","nervous system phenotype","Brain - Cerebellum","Abnormality of the nervous system","exencephaly","Yes","Yes","Yes"
"1518","MGI:88252","HGNC:1455","nervous system phenotype","Brain - Caudate (basal ganglia)","Abnormality of the nervous system","exencephaly","Yes","Yes","Yes"
"1519","MGI:88253","HGNC:1382","nervous system phenotype","Brain - Caudate (basal ganglia)","Abnormality of the nervous system","abnormal cerebellum morphology","Yes","Yes","Yes"
"1520","MGI:88253","HGNC:1382","nervous system phenotype","Brain - Cortex","Abnormality of the nervous system","abnormal cerebellum morphology","Yes","Yes","Yes"
"1521","MGI:88253","HGNC:1382","nervous system phenotype","Brain - Frontal Cortex (BA9)","Abnormality of the nervous system","abnormal cerebellum morphology","Yes","Yes","Yes"
"1522","MGI:88253","HGNC:1382","nervous system phenotype","Brain - Anterior cingulate cortex (BA24)","Abnormality of the nervous system","abnormal cerebellum morphology","Yes","Yes","Yes"
"1523","MGI:104565","HGNC:1785","nervous system phenotype","Brain - Amygdala","Abnormality of the nervous system","increased pituitary gland weight","Yes","Yes","Yes"
"1524","MGI:104565","HGNC:1785","nervous system phenotype","Brain - Caudate (basal ganglia)","Abnormality of the nervous system","increased pituitary gland weight","Yes","Yes","Yes"
"1525","MGI:104565","HGNC:1785","nervous system phenotype","Brain - Nucleus accumbens (basal ganglia)","Abnormality of the nervous system","enlarged pituitary gland","Yes","Yes","Yes"
"1526","MGI:104565","HGNC:1785","nervous system phenotype","Brain - Frontal Cortex (BA9)","Abnormality of the nervous system","enlarged pituitary gland","Yes","Yes","Yes"
"1527","MGI:104565","HGNC:1785","nervous system phenotype","Brain - Cortex","Abnormality of the nervous system","enlarged pituitary gland","Yes","Yes","Yes"
"1528","MGI:104565","HGNC:1785","nervous system phenotype","Pituitary","Abnormality of the nervous system","enlarged pituitary gland","Yes","Yes","Yes"
"1529","MGI:104565","HGNC:1785","nervous system phenotype","Brain - Hypothalamus","Abnormality of the nervous system","enlarged pituitary gland","Yes","Yes","Yes"
"1530","MGI:104565","HGNC:1785","nervous system phenotype","Brain - Substantia nigra","Abnormality of the nervous system","enlarged pituitary gland","Yes","Yes","Yes"
"1531","MGI:104565","HGNC:1785","nervous system phenotype","Brain - Hippocampus","Abnormality of the nervous system","enlarged pituitary gland","Yes","Yes","Yes"
"1532","MGI:104565","HGNC:1785","nervous system phenotype","Brain - Cerebellar Hemisphere","Abnormality of the nervous system","enlarged pituitary gland","Yes","Yes","Yes"
"1533","MGI:104565","HGNC:1785","nervous system phenotype","Nerve - Tibial","Abnormality of the nervous system","enlarged pituitary gland","Yes","Yes","Yes"
"1534","MGI:104565","HGNC:1785","nervous system phenotype","Brain - Cerebellum","Abnormality of the nervous system","enlarged pituitary gland","Yes","Yes","Yes"
"1535","MGI:104565","HGNC:1785","nervous system phenotype","Brain - Anterior cingulate cortex (BA24)","Abnormality of the nervous system","enlarged pituitary gland","Yes","Yes","Yes"
"1536","MGI:104565","HGNC:1785","nervous system phenotype","Brain - Spinal cord (cervical c-1)","Abnormality of the nervous system","enlarged pituitary gland","Yes","Yes","Yes"
"1537","MGI:104565","HGNC:1785","nervous system phenotype","Brain - Putamen (basal ganglia)","Abnormality of the nervous system","enlarged pituitary gland","Yes","Yes","Yes"
"1538","MGI:104565","HGNC:1785","nervous system phenotype","Brain - Amygdala","Abnormality of the nervous system","enlarged pituitary gland","Yes","Yes","Yes"
"1539","MGI:104565","HGNC:1785","nervous system phenotype","Brain - Caudate (basal ganglia)","Abnormality of the nervous system","enlarged pituitary gland","Yes","Yes","Yes"
"1540","MGI:104565","HGNC:1785","nervous system phenotype","Brain - Nucleus accumbens (basal ganglia)","Abnormality of the nervous system","pituitary gland hyperplasia","Yes","Yes","Yes"
"1541","MGI:104565","HGNC:1785","nervous system phenotype","Brain - Frontal Cortex (BA9)","Abnormality of the nervous system","pituitary gland hyperplasia","Yes","Yes","Yes"
"1542","MGI:95296","HGNC:3239","nervous system phenotype","Brain - Cerebellum","Abnormality of the nervous system","decreased rhombomere 6 size","Yes","Yes","No"
"1543","MGI:95296","HGNC:3239","nervous system phenotype","Brain - Hippocampus","Abnormality of the nervous system","decreased rhombomere 6 size","Yes","Yes","No"
"1544","MGI:95296","HGNC:3239","nervous system phenotype","Brain - Putamen (basal ganglia)","Abnormality of the nervous system","decreased rhombomere 6 size","Yes","Yes","Yes"
"1545","MGI:95296","HGNC:3239","nervous system phenotype","Brain - Substantia nigra","Abnormality of the nervous system","decreased rhombomere 6 size","Yes","Yes","No"
"1546","MGI:95296","HGNC:3239","nervous system phenotype","Nerve - Tibial","Abnormality of the nervous system","decreased rhombomere 6 size","Yes","Yes","Yes"
"1547","MGI:95296","HGNC:3239","nervous system phenotype","Brain - Nucleus accumbens (basal ganglia)","Abnormality of the nervous system","decreased rhombomere 6 size","Yes","Yes","Yes"
"1548","MGI:95296","HGNC:3239","nervous system phenotype","Brain - Anterior cingulate cortex (BA24)","Abnormality of the nervous system","decreased rhombomere 6 size","Yes","Yes","No"
"1549","MGI:95296","HGNC:3239","nervous system phenotype","Brain - Cerebellar Hemisphere","Abnormality of the nervous system","decreased rhombomere 6 size","Yes","Yes","No"
"1550","MGI:95296","HGNC:3239","nervous system phenotype","Brain - Frontal Cortex (BA9)","Abnormality of the nervous system","decreased rhombomere 6 size","Yes","Yes","Yes"
"1551","MGI:95296","HGNC:3239","nervous system phenotype","Brain - Caudate (basal ganglia)","Abnormality of the nervous system","abnormal trigeminal ganglion morphology","Yes","Yes","Yes"
"1552","MGI:95296","HGNC:3239","nervous system phenotype","Brain - Cortex","Abnormality of the nervous system","abnormal trigeminal ganglion morphology","Yes","Yes","Yes"
"1553","MGI:95296","HGNC:3239","nervous system phenotype","Pituitary","Abnormality of the nervous system","abnormal trigeminal ganglion morphology","Yes","Yes","Yes"
"1554","MGI:95296","HGNC:3239","nervous system phenotype","Brain - Hypothalamus","Abnormality of the nervous system","abnormal trigeminal ganglion morphology","Yes","Yes","No"
"1555","MGI:95729","HGNC:4319","nervous system phenotype","Brain - Amygdala","Abnormality of the nervous system","abnormal lateral ventricle morphology","Yes","Yes","Yes"
"1556","MGI:95729","HGNC:4319","nervous system phenotype","Brain - Cerebellar Hemisphere","Abnormality of the nervous system","abnormal lateral ventricle morphology","Yes","Yes","No"
"1557","MGI:98277","HGNC:3388","nervous system phenotype","Brain - Anterior cingulate cortex (BA24)","Abnormality of the nervous system","ectopic thalamus","Yes","Yes","Yes"
"1558","MGI:98277","HGNC:3388","nervous system phenotype","Brain - Spinal cord (cervical c-1)","Abnormality of the nervous system","ectopic thalamus","Yes","Yes","Yes"
"1559","MGI:98277","HGNC:3388","nervous system phenotype","Pituitary","Abnormality of the nervous system","ectopic thalamus","Yes","Yes","Yes"
"1560","MGI:98277","HGNC:3388","nervous system phenotype","Brain - Cerebellar Hemisphere","Abnormality of the nervous system","ectopic thalamus","Yes","Yes","Yes"
"1561","MGI:98277","HGNC:3388","nervous system phenotype","Brain - Substantia nigra","Abnormality of the nervous system","ectopic thalamus","Yes","Yes","Yes"
"1562","MGI:95296","HGNC:3239","nervous system phenotype","Brain - Nucleus accumbens (basal ganglia)","Abnormality of the nervous system","abnormal trigeminal ganglion morphology","Yes","Yes","Yes"
"1563","MGI:95296","HGNC:3239","nervous system phenotype","Brain - Anterior cingulate cortex (BA24)","Abnormality of the nervous system","abnormal trigeminal ganglion morphology","Yes","Yes","No"
"1564","MGI:95296","HGNC:3239","nervous system phenotype","Brain - Cerebellar Hemisphere","Abnormality of the nervous system","abnormal trigeminal ganglion morphology","Yes","Yes","No"
"1565","MGI:95296","HGNC:3239","nervous system phenotype","Brain - Frontal Cortex (BA9)","Abnormality of the nervous system","abnormal trigeminal ganglion morphology","Yes","Yes","Yes"
"1566","MGI:95296","HGNC:3239","nervous system phenotype","Brain - Caudate (basal ganglia)","Abnormality of the nervous system","abnormal cranial nerve morphology","Yes","Yes","Yes"
"1567","MGI:95296","HGNC:3239","nervous system phenotype","Brain - Cortex","Abnormality of the nervous system","abnormal cranial nerve morphology","Yes","Yes","Yes"
"1568","MGI:95296","HGNC:3239","nervous system phenotype","Pituitary","Abnormality of the nervous system","abnormal cranial nerve morphology","Yes","Yes","Yes"
"1569","MGI:95296","HGNC:3239","nervous system phenotype","Brain - Hypothalamus","Abnormality of the nervous system","abnormal cranial nerve morphology","Yes","Yes","No"
"1570","MGI:1927753","HGNC:21474","nervous system phenotype","Brain - Cerebellum","Abnormality of the nervous system","exencephaly","No","Yes","Yes"
"1571","MGI:95296","HGNC:3239","nervous system phenotype","Brain - Spinal cord (cervical c-1)","Abnormality of the nervous system","abnormal cranial nerve morphology","Yes","Yes","Yes"
"1572","MGI:95296","HGNC:3239","nervous system phenotype","Brain - Cerebellum","Abnormality of the nervous system","abnormal cranial nerve morphology","Yes","Yes","No"
"1573","MGI:95296","HGNC:3239","nervous system phenotype","Brain - Hippocampus","Abnormality of the nervous system","abnormal cranial nerve morphology","Yes","Yes","No"
"1574","MGI:95296","HGNC:3239","nervous system phenotype","Brain - Putamen (basal ganglia)","Abnormality of the nervous system","abnormal cranial nerve morphology","Yes","Yes","Yes"
"1575","MGI:95296","HGNC:3239","nervous system phenotype","Brain - Substantia nigra","Abnormality of the nervous system","abnormal cranial nerve morphology","Yes","Yes","No"
"1576","MGI:95296","HGNC:3239","nervous system phenotype","Nerve - Tibial","Abnormality of the nervous system","abnormal cranial nerve morphology","Yes","Yes","Yes"
"1577","MGI:95296","HGNC:3239","nervous system phenotype","Brain - Nucleus accumbens (basal ganglia)","Abnormality of the nervous system","abnormal cranial nerve morphology","Yes","Yes","Yes"
"1578","MGI:95296","HGNC:3239","nervous system phenotype","Brain - Anterior cingulate cortex (BA24)","Abnormality of the nervous system","abnormal cranial nerve morphology","Yes","Yes","No"
"1579","MGI:88121","HGNC:894","nervous system phenotype","Brain - Hypothalamus","Abnormality of the nervous system","abnormal hypothalamus physiology","Yes","Yes","Yes"
"1580","MGI:88121","HGNC:894","nervous system phenotype","Nerve - Tibial","Abnormality of the nervous system","abnormal hypothalamus physiology","Yes","No","No"
"1581","MGI:88121","HGNC:894","nervous system phenotype","Brain - Substantia nigra","Abnormality of the nervous system","abnormal hypothalamus physiology","Yes","Yes","No"
"1582","MGI:88121","HGNC:894","nervous system phenotype","Brain - Spinal cord (cervical c-1)","Abnormality of the nervous system","abnormal hypothalamus physiology","Yes","Yes","No"
"1583","MGI:88121","HGNC:894","nervous system phenotype","Brain - Frontal Cortex (BA9)","Abnormality of the nervous system","abnormal hypothalamus physiology","Yes","Yes","No"
"1584","MGI:88121","HGNC:894","nervous system phenotype","Brain - Anterior cingulate cortex (BA24)","Abnormality of the nervous system","abnormal hypothalamus physiology","Yes","Yes","No"
"1585","MGI:95663","HGNC:4172","nervous system phenotype","Brain - Putamen (basal ganglia)","Abnormality of the nervous system","abnormal brain morphology","Yes","No","No"
"1586","MGI:95663","HGNC:4172","nervous system phenotype","Brain - Hypothalamus","Abnormality of the nervous system","abnormal brain morphology","Yes","Yes","No"
"1587","MGI:95663","HGNC:4172","nervous system phenotype","Brain - Hippocampus","Abnormality of the nervous system","abnormal brain morphology","Yes","No","No"
"1588","MGI:95663","HGNC:4172","nervous system phenotype","Brain - Spinal cord (cervical c-1)","Abnormality of the nervous system","abnormal brain morphology","Yes","Yes","No"
"1589","MGI:95663","HGNC:4172","nervous system phenotype","Brain - Substantia nigra","Abnormality of the nervous system","abnormal brain morphology","Yes","Yes","No"
"1590","MGI:88121","HGNC:894","nervous system phenotype","Pituitary","Abnormality of the nervous system","abnormal hypothalamus physiology","Yes","Yes","No"
"1591","MGI:88121","HGNC:894","nervous system phenotype","Brain - Nucleus accumbens (basal ganglia)","Abnormality of the nervous system","abnormal hypothalamus physiology","Yes","Yes","No"
"1592","MGI:88121","HGNC:894","nervous system phenotype","Brain - Amygdala","Abnormality of the nervous system","abnormal hypothalamus physiology","Yes","Yes","No"
"1593","MGI:88121","HGNC:894","nervous system phenotype","Brain - Hippocampus","Abnormality of the nervous system","abnormal hypothalamus physiology","Yes","Yes","No"
"1594","MGI:88121","HGNC:894","nervous system phenotype","Brain - Hypothalamus","Abnormality of the nervous system","abnormal hypothalamus morphology","Yes","Yes","Yes"
"1595","MGI:107321","HGNC:19347","nervous system phenotype","Brain - Hippocampus","Abnormality of the nervous system","thickened cerebral cortex","Yes","Yes","No"
"1596","MGI:88121","HGNC:894","nervous system phenotype","Brain - Substantia nigra","Abnormality of the nervous system","abnormal hypothalamus morphology","Yes","Yes","No"
"1597","MGI:88121","HGNC:894","nervous system phenotype","Brain - Spinal cord (cervical c-1)","Abnormality of the nervous system","abnormal hypothalamus morphology","Yes","Yes","No"
"1598","MGI:88121","HGNC:894","nervous system phenotype","Brain - Frontal Cortex (BA9)","Abnormality of the nervous system","abnormal hypothalamus morphology","Yes","Yes","No"
"1599","MGI:88121","HGNC:894","nervous system phenotype","Brain - Anterior cingulate cortex (BA24)","Abnormality of the nervous system","abnormal hypothalamus morphology","Yes","Yes","No"
"1600","MGI:88121","HGNC:894","nervous system phenotype","Brain - Cortex","Abnormality of the nervous system","abnormal hypothalamus morphology","Yes","Yes","No"
"1601","MGI:88121","HGNC:894","nervous system phenotype","Brain - Cerebellar Hemisphere","Abnormality of the nervous system","abnormal hypothalamus morphology","Yes","Yes","No"
"1602","MGI:88121","HGNC:894","nervous system phenotype","Brain - Cerebellum","Abnormality of the nervous system","abnormal hypothalamus morphology","Yes","Yes","No"
"1603","MGI:88121","HGNC:894","nervous system phenotype","Brain - Putamen (basal ganglia)","Abnormality of the nervous system","abnormal hypothalamus morphology","Yes","Yes","No"
"1604","MGI:88121","HGNC:894","nervous system phenotype","Brain - Caudate (basal ganglia)","Abnormality of the nervous system","abnormal hypothalamus morphology","Yes","Yes","No"
"1605","MGI:107321","HGNC:19347","nervous system phenotype","Brain - Cortex","Abnormality of the nervous system","abnormal cerebral cortex morphology","Yes","Yes","Yes"
"1606","MGI:107321","HGNC:19347","nervous system phenotype","Brain - Hypothalamus","Abnormality of the nervous system","abnormal cerebral cortex morphology","Yes","Yes","Yes"
"1607","MGI:107321","HGNC:19347","nervous system phenotype","Nerve - Tibial","Abnormality of the nervous system","abnormal cerebral cortex morphology","Yes","No","No"
"1608","MGI:107321","HGNC:19347","nervous system phenotype","Brain - Cerebellar Hemisphere","Abnormality of the nervous system","abnormal cerebral cortex morphology","Yes","Yes","Yes"
"1609","MGI:107321","HGNC:19347","nervous system phenotype","Brain - Caudate (basal ganglia)","Abnormality of the nervous system","abnormal cerebral cortex morphology","Yes","Yes","No"
"1610","MGI:109482","HGNC:1388","nervous system phenotype","Brain - Amygdala","Abnormality of the nervous system","cerebellum hypoplasia","Yes","Yes","Yes"
"1611","MGI:109482","HGNC:1388","nervous system phenotype","Pituitary","Abnormality of the nervous system","cerebellum hypoplasia","Yes","Yes","Yes"
"1612","MGI:109482","HGNC:1388","nervous system phenotype","Brain - Spinal cord (cervical c-1)","Abnormality of the nervous system","cerebellum hypoplasia","Yes","Yes","Yes"
"1613","MGI:109482","HGNC:1388","nervous system phenotype","Brain - Nucleus accumbens (basal ganglia)","Abnormality of the nervous system","cerebellum atrophy","Yes","Yes","Yes"
"1614","MGI:109482","HGNC:1388","nervous system phenotype","Brain - Substantia nigra","Abnormality of the nervous system","cerebellum atrophy","Yes","Yes","Yes"
"1615","MGI:109482","HGNC:1388","nervous system phenotype","Brain - Hypothalamus","Abnormality of the nervous system","cerebellum atrophy","Yes","Yes","Yes"
"1616","MGI:104565","HGNC:1785","nervous system phenotype","Brain - Nucleus accumbens (basal ganglia)","Abnormality of the nervous system","increased pituitary gland tumor incidence","Yes","Yes","Yes"
"1617","MGI:107321","HGNC:19347","nervous system phenotype","Brain - Amygdala","Abnormality of the nervous system","abnormal cerebral cortex morphology","Yes","Yes","Yes"
"1618","MGI:107321","HGNC:19347","nervous system phenotype","Pituitary","Abnormality of the nervous system","abnormal cerebral cortex morphology","Yes","Yes","Yes"
"1619","MGI:107321","HGNC:19347","nervous system phenotype","Brain - Frontal Cortex (BA9)","Abnormality of the nervous system","abnormal cerebral cortex morphology","Yes","Yes","Yes"
"1620","MGI:88145","HGNC:1033","nervous system phenotype","Brain - Nucleus accumbens (basal ganglia)","Abnormality of the nervous system","decreased hippocampus volume","Yes","No","No"
"1621","MGI:88145","HGNC:1033","nervous system phenotype","Brain - Hippocampus","Abnormality of the nervous system","decreased hippocampus volume","Yes","Yes","Yes"
"1622","MGI:88145","HGNC:1033","nervous system phenotype","Brain - Hypothalamus","Abnormality of the nervous system","decreased hippocampus volume","Yes","Yes","Yes"
"1623","MGI:1347464","HGNC:3811","nervous system phenotype","Brain - Cerebellar Hemisphere","Abnormality of the nervous system","decreased forebrain volume","Yes","No","No"
"1624","MGI:1097716","HGNC:18060","nervous system phenotype","Brain - Cortex","Abnormality of the nervous system","abnormal olfactory bulb morphology","No","Yes","Yes"
"1625","MGI:2447586","HGNC:17997","nervous system phenotype","Brain - Cerebellar Hemisphere","Abnormality of the nervous system","abnormal brain morphology","Yes","Yes","Yes"
"1626","MGI:96067","HGNC:4851","nervous system phenotype","Brain - Caudate (basal ganglia)","Abnormality of the nervous system","brain atrophy","Yes","Yes","Yes"
"1627","MGI:109482","HGNC:1388","nervous system phenotype","Pituitary","Abnormality of the nervous system","cerebellum atrophy","Yes","Yes","Yes"
"1628","MGI:88252","HGNC:1455","nervous system phenotype","Nerve - Tibial","Abnormality of the nervous system","exencephaly","Yes","Yes","Yes"
"1629","MGI:88252","HGNC:1455","nervous system phenotype","Brain - Hypothalamus","Abnormality of the nervous system","exencephaly","Yes","Yes","Yes"
"1630","MGI:104565","HGNC:1785","nervous system phenotype","Brain - Caudate (basal ganglia)","Abnormality of the nervous system","increased pituitary gland tumor incidence","Yes","Yes","Yes"
"1631","MGI:104565","HGNC:1785","nervous system phenotype","Brain - Nucleus accumbens (basal ganglia)","Abnormality of the nervous system","increased pituitary gland weight","Yes","Yes","Yes"
"1632","MGI:88252","HGNC:1455","nervous system phenotype","Brain - Frontal Cortex (BA9)","Abnormality of the nervous system","exencephaly","Yes","Yes","Yes"
"1633","MGI:88252","HGNC:1455","nervous system phenotype","Pituitary","Abnormality of the nervous system","exencephaly","Yes","Yes","Yes"
"1634","MGI:1097716","HGNC:18060","nervous system phenotype","Brain - Frontal Cortex (BA9)","Abnormality of the nervous system","abnormal olfactory bulb morphology","No","Yes","Yes"
"1635","MGI:1097716","HGNC:18060","nervous system phenotype","Brain - Putamen (basal ganglia)","Abnormality of the nervous system","abnormal olfactory bulb morphology","No","Yes","Yes"
"1636","MGI:1097716","HGNC:18060","nervous system phenotype","Brain - Anterior cingulate cortex (BA24)","Abnormality of the nervous system","abnormal olfactory bulb morphology","No","Yes","Yes"
"1637","MGI:104565","HGNC:1785","nervous system phenotype","Brain - Hippocampus","Abnormality of the nervous system","increased pituitary gland weight","Yes","Yes","Yes"
"1638","MGI:104565","HGNC:1785","nervous system phenotype","Brain - Cerebellar Hemisphere","Abnormality of the nervous system","increased pituitary gland weight","Yes","Yes","Yes"
"1639","MGI:104565","HGNC:1785","nervous system phenotype","Nerve - Tibial","Abnormality of the nervous system","increased pituitary gland weight","Yes","Yes","Yes"
"1640","MGI:104565","HGNC:1785","nervous system phenotype","Brain - Cerebellum","Abnormality of the nervous system","increased pituitary gland weight","Yes","Yes","Yes"
"1641","MGI:104565","HGNC:1785","nervous system phenotype","Brain - Anterior cingulate cortex (BA24)","Abnormality of the nervous system","increased pituitary gland weight","Yes","Yes","Yes"
"1642","MGI:104565","HGNC:1785","nervous system phenotype","Brain - Spinal cord (cervical c-1)","Abnormality of the nervous system","increased pituitary gland weight","Yes","Yes","Yes"
"1643","MGI:104565","HGNC:1785","nervous system phenotype","Brain - Putamen (basal ganglia)","Abnormality of the nervous system","increased pituitary gland weight","Yes","Yes","Yes"
"1644","MGI:95411","HGNC:3431","nervous system phenotype","Brain - Frontal Cortex (BA9)","Abnormality of the nervous system","small dorsal root ganglion","Yes","Yes","Yes"
"1645","MGI:95411","HGNC:3431","nervous system phenotype","Brain - Hippocampus","Abnormality of the nervous system","abnormal dorsal root ganglion morphology","Yes","Yes","Yes"
"1646","MGI:95411","HGNC:3431","nervous system phenotype","Brain - Cortex","Abnormality of the nervous system","abnormal dorsal root ganglion morphology","Yes","Yes","Yes"
"1647","MGI:95411","HGNC:3431","nervous system phenotype","Brain - Hypothalamus","Abnormality of the nervous system","abnormal dorsal root ganglion morphology","Yes","Yes","Yes"
"1648","MGI:88253","HGNC:1382","nervous system phenotype","Pituitary","Abnormality of the nervous system","abnormal cerebellum morphology","Yes","Yes","Yes"
"1649","MGI:88253","HGNC:1382","nervous system phenotype","Nerve - Tibial","Abnormality of the nervous system","abnormal cerebellum morphology","Yes","Yes","Yes"
"1650","MGI:88253","HGNC:1382","nervous system phenotype","Brain - Cerebellar Hemisphere","Abnormality of the nervous system","abnormal cerebellum morphology","Yes","Yes","Yes"
"1651","MGI:88253","HGNC:1382","nervous system phenotype","Brain - Cerebellum","Abnormality of the nervous system","abnormal cerebellum morphology","Yes","Yes","Yes"
"1652","MGI:88253","HGNC:1382","nervous system phenotype","Brain - Nucleus accumbens (basal ganglia)","Abnormality of the nervous system","abnormal cerebellum morphology","Yes","Yes","Yes"
"1653","MGI:88253","HGNC:1382","nervous system phenotype","Brain - Substantia nigra","Abnormality of the nervous system","abnormal cerebellum morphology","Yes","Yes","Yes"
"1654","MGI:88253","HGNC:1382","nervous system phenotype","Brain - Hypothalamus","Abnormality of the nervous system","abnormal cerebellum morphology","Yes","Yes","Yes"
"1655","MGI:88253","HGNC:1382","nervous system phenotype","Brain - Putamen (basal ganglia)","Abnormality of the nervous system","abnormal cerebellum morphology","Yes","Yes","Yes"
"1656","MGI:108554","HGNC:2661","nervous system phenotype","Brain - Amygdala","Abnormality of the nervous system","abnormal nervous system morphology","Yes","Yes","Yes"
"1657","MGI:95411","HGNC:3431","nervous system phenotype","Brain - Putamen (basal ganglia)","Abnormality of the nervous system","abnormal dorsal root ganglion morphology","Yes","Yes","Yes"
"1658","MGI:95411","HGNC:3431","nervous system phenotype","Brain - Spinal cord (cervical c-1)","Abnormality of the nervous system","abnormal dorsal root ganglion morphology","Yes","Yes","Yes"
"1659","MGI:95411","HGNC:3431","nervous system phenotype","Brain - Frontal Cortex (BA9)","Abnormality of the nervous system","abnormal dorsal root ganglion morphology","Yes","Yes","Yes"
"1660","MGI:95697","HGNC:4235","nervous system phenotype","Brain - Frontal Cortex (BA9)","Abnormality of the nervous system","abnormal CNS glial cell morphology","No","Yes","Yes"
"1661","MGI:95697","HGNC:4235","nervous system phenotype","Brain - Caudate (basal ganglia)","Abnormality of the nervous system","abnormal CNS glial cell morphology","No","Yes","Yes"
"1662","MGI:96067","HGNC:4851","nervous system phenotype","Brain - Hippocampus","Abnormality of the nervous system","decreased brain size","Yes","Yes","Yes"
"1663","MGI:96067","HGNC:4851","nervous system phenotype","Brain - Cerebellar Hemisphere","Abnormality of the nervous system","decreased brain size","Yes","Yes","Yes"
"1664","MGI:109482","HGNC:1388","nervous system phenotype","Nerve - Tibial","Abnormality of the nervous system","small cerebellum","Yes","Yes","Yes"
"1665","MGI:109482","HGNC:1388","nervous system phenotype","Brain - Frontal Cortex (BA9)","Abnormality of the nervous system","small cerebellum","Yes","Yes","Yes"
"1666","MGI:109482","HGNC:1388","nervous system phenotype","Brain - Cortex","Abnormality of the nervous system","small cerebellum","Yes","Yes","Yes"
"1667","MGI:88276","HGNC:2514","nervous system phenotype","Brain - Cerebellum","Abnormality of the nervous system","increased brain size","Yes","Yes","Yes"
"1668","MGI:96067","HGNC:4851","nervous system phenotype","Brain - Anterior cingulate cortex (BA24)","Abnormality of the nervous system","decreased brain size","Yes","Yes","Yes"
"1669","MGI:95729","HGNC:4319","nervous system phenotype","Brain - Cerebellum","Abnormality of the nervous system","abnormal lateral ventricle morphology","Yes","Yes","No"
"1670","MGI:95729","HGNC:4319","nervous system phenotype","Brain - Substantia nigra","Abnormality of the nervous system","abnormal lateral ventricle morphology","Yes","Yes","Yes"
"1671","MGI:95729","HGNC:4319","nervous system phenotype","Brain - Frontal Cortex (BA9)","Abnormality of the nervous system","abnormal lateral ventricle morphology","Yes","Yes","Yes"
"1672","MGI:95729","HGNC:4319","nervous system phenotype","Pituitary","Abnormality of the nervous system","abnormal lateral ventricle morphology","Yes","Yes","Yes"
"1673","MGI:88276","HGNC:2514","nervous system phenotype","Pituitary","Abnormality of the nervous system","increased brain size","Yes","Yes","Yes"
"1674","MGI:88276","HGNC:2514","nervous system phenotype","Brain - Hippocampus","Abnormality of the nervous system","increased brain size","Yes","Yes","Yes"
"1675","MGI:95729","HGNC:4319","nervous system phenotype","Brain - Anterior cingulate cortex (BA24)","Abnormality of the nervous system","abnormal lateral ventricle morphology","Yes","Yes","Yes"
"1676","MGI:95621","HGNC:4083","nervous system phenotype","Nerve - Tibial","Abnormality of the nervous system","abnormal hippocampus neuron morphology","Yes","Yes","Yes"
"1677","MGI:98277","HGNC:3388","nervous system phenotype","Brain - Cortex","Abnormality of the nervous system","ectopic thalamus","Yes","Yes","Yes"
"1678","MGI:95621","HGNC:4083","nervous system phenotype","Pituitary","Abnormality of the nervous system","abnormal hippocampus neuron morphology","Yes","Yes","Yes"
"1679","MGI:95621","HGNC:4083","nervous system phenotype","Brain - Amygdala","Abnormality of the nervous system","abnormal hippocampus neuron morphology","Yes","Yes","Yes"
"1680","MGI:95621","HGNC:4083","nervous system phenotype","Brain - Cerebellar Hemisphere","Abnormality of the nervous system","abnormal hippocampus neuron morphology","Yes","Yes","Yes"
"1681","MGI:95621","HGNC:4083","nervous system phenotype","Brain - Spinal cord (cervical c-1)","Abnormality of the nervous system","abnormal hippocampus neuron morphology","Yes","Yes","Yes"
"1682","MGI:95621","HGNC:4083","nervous system phenotype","Brain - Cortex","Abnormality of the nervous system","abnormal hippocampus neuron morphology","Yes","Yes","Yes"
"1683","MGI:98277","HGNC:3388","nervous system phenotype","Brain - Hypothalamus","Abnormality of the nervous system","ectopic thalamus","Yes","Yes","Yes"
"1684","MGI:98277","HGNC:3388","nervous system phenotype","Brain - Hippocampus","Abnormality of the nervous system","ectopic thalamus","Yes","Yes","Yes"
"1685","MGI:98277","HGNC:3388","nervous system phenotype","Brain - Amygdala","Abnormality of the nervous system","ectopic thalamus","Yes","Yes","Yes"
"1686","MGI:98277","HGNC:3388","nervous system phenotype","Brain - Nucleus accumbens (basal ganglia)","Abnormality of the nervous system","abnormal spinal cord morphology","Yes","Yes","Yes"
"1687","MGI:98277","HGNC:3388","nervous system phenotype","Nerve - Tibial","Abnormality of the nervous system","abnormal spinal cord morphology","Yes","Yes","Yes"
"1688","MGI:98277","HGNC:3388","nervous system phenotype","Brain - Putamen (basal ganglia)","Abnormality of the nervous system","abnormal spinal cord morphology","Yes","Yes","Yes"
"1689","MGI:98277","HGNC:3388","nervous system phenotype","Brain - Frontal Cortex (BA9)","Abnormality of the nervous system","abnormal spinal cord morphology","Yes","Yes","Yes"
"1690","MGI:98277","HGNC:3388","nervous system phenotype","Brain - Cerebellum","Abnormality of the nervous system","abnormal spinal cord morphology","Yes","Yes","Yes"
"1691","MGI:98277","HGNC:3388","nervous system phenotype","Brain - Cortex","Abnormality of the nervous system","abnormal spinal cord morphology","Yes","Yes","Yes"
"1692","MGI:98277","HGNC:3388","nervous system phenotype","Brain - Caudate (basal ganglia)","Abnormality of the nervous system","abnormal spinal cord morphology","Yes","Yes","Yes"
"1693","MGI:98277","HGNC:3388","nervous system phenotype","Brain - Anterior cingulate cortex (BA24)","Abnormality of the nervous system","abnormal spinal cord morphology","Yes","Yes","Yes"
"1694","MGI:98277","HGNC:3388","nervous system phenotype","Brain - Spinal cord (cervical c-1)","Abnormality of the nervous system","abnormal spinal cord morphology","Yes","Yes","Yes"
"1695","MGI:98277","HGNC:3388","nervous system phenotype","Pituitary","Abnormality of the nervous system","abnormal spinal cord morphology","Yes","Yes","Yes"
"1696","MGI:98277","HGNC:3388","nervous system phenotype","Brain - Cerebellar Hemisphere","Abnormality of the nervous system","abnormal spinal cord morphology","Yes","Yes","Yes"
"1697","MGI:98277","HGNC:3388","nervous system phenotype","Brain - Substantia nigra","Abnormality of the nervous system","abnormal spinal cord morphology","Yes","Yes","Yes"
"1698","MGI:98277","HGNC:3388","nervous system phenotype","Brain - Hypothalamus","Abnormality of the nervous system","abnormal spinal cord morphology","Yes","Yes","Yes"
"1699","MGI:98277","HGNC:3388","nervous system phenotype","Brain - Hippocampus","Abnormality of the nervous system","abnormal spinal cord morphology","Yes","Yes","Yes"
"1700","MGI:98277","HGNC:3388","nervous system phenotype","Brain - Amygdala","Abnormality of the nervous system","abnormal spinal cord morphology","Yes","Yes","Yes"
"1701","MGI:88026","HGNC:494","nervous system phenotype","Brain - Caudate (basal ganglia)","Abnormality of the nervous system","small cerebellum","Yes","Yes","Yes"
"1702","MGI:88026","HGNC:494","nervous system phenotype","Brain - Putamen (basal ganglia)","Abnormality of the nervous system","small cerebellum","Yes","Yes","Yes"
"1703","MGI:88026","HGNC:494","nervous system phenotype","Brain - Amygdala","Abnormality of the nervous system","small cerebellum","Yes","Yes","Yes"
"1704","MGI:88026","HGNC:494","nervous system phenotype","Pituitary","Abnormality of the nervous system","small cerebellum","Yes","Yes","Yes"
"1705","MGI:95729","HGNC:4319","nervous system phenotype","Brain - Anterior cingulate cortex (BA24)","Abnormality of the nervous system","abnormal neural tube morphology","Yes","Yes","Yes"
"1706","MGI:88026","HGNC:494","nervous system phenotype","Brain - Cerebellar Hemisphere","Abnormality of the nervous system","small cerebellum","Yes","Yes","Yes"
"1707","MGI:88026","HGNC:494","nervous system phenotype","Brain - Spinal cord (cervical c-1)","Abnormality of the nervous system","small cerebellum","Yes","Yes","Yes"
"1708","MGI:88026","HGNC:494","nervous system phenotype","Brain - Nucleus accumbens (basal ganglia)","Abnormality of the nervous system","small cerebellum","Yes","Yes","Yes"
"1709","MGI:88026","HGNC:494","nervous system phenotype","Brain - Hippocampus","Abnormality of the nervous system","small cerebellum","Yes","Yes","Yes"
"1710","MGI:88026","HGNC:494","nervous system phenotype","Brain - Cerebellum","Abnormality of the nervous system","small cerebellum","Yes","Yes","Yes"
"1711","MGI:88026","HGNC:494","nervous system phenotype","Brain - Frontal Cortex (BA9)","Abnormality of the nervous system","small cerebellum","Yes","Yes","Yes"
"1712","MGI:95566","HGNC:3778","nervous system phenotype","Brain - Anterior cingulate cortex (BA24)","Abnormality of the nervous system","kinked neural tube","Yes","Yes","Yes"
"1713","MGI:2444748","HGNC:20626","nervous system phenotype","Brain - Frontal Cortex (BA9)","Abnormality of the nervous system","abnormal telencephalon morphology","Yes","Yes","Yes"
"1714","MGI:2444748","HGNC:20626","nervous system phenotype","Brain - Putamen (basal ganglia)","Abnormality of the nervous system","abnormal telencephalon morphology","Yes","Yes","Yes"
"1715","MGI:2444748","HGNC:20626","nervous system phenotype","Brain - Hypothalamus","Abnormality of the nervous system","abnormal telencephalon morphology","Yes","Yes","Yes"
"1716","MGI:95813","HGNC:4576","nervous system phenotype","Brain - Cortex","Abnormality of the nervous system","abnormal cerebellar Purkinje cell layer","Yes","Yes","No"
"1717","MGI:95813","HGNC:4576","nervous system phenotype","Nerve - Tibial","Abnormality of the nervous system","abnormal cerebellar Purkinje cell layer","Yes","Yes","No"
"1718","MGI:95813","HGNC:4576","nervous system phenotype","Pituitary","Abnormality of the nervous system","abnormal cerebellar Purkinje cell layer","Yes","No","No"
"1719","MGI:95813","HGNC:4576","nervous system phenotype","Brain - Hippocampus","Abnormality of the nervous system","abnormal cerebellar Purkinje cell layer","Yes","Yes","No"
"1720","MGI:2444748","HGNC:20626","nervous system phenotype","Nerve - Tibial","Abnormality of the nervous system","abnormal telencephalon morphology","Yes","Yes","Yes"
"1721","MGI:2444748","HGNC:20626","nervous system phenotype","Brain - Substantia nigra","Abnormality of the nervous system","abnormal telencephalon morphology","Yes","Yes","Yes"
"1722","MGI:2444748","HGNC:20626","nervous system phenotype","Brain - Cerebellum","Abnormality of the nervous system","abnormal telencephalon morphology","Yes","Yes","Yes"
"1723","MGI:2444748","HGNC:20626","nervous system phenotype","Brain - Cerebellar Hemisphere","Abnormality of the nervous system","abnormal telencephalon morphology","Yes","Yes","Yes"
"1724","MGI:2444748","HGNC:20626","nervous system phenotype","Brain - Nucleus accumbens (basal ganglia)","Abnormality of the nervous system","abnormal telencephalon morphology","Yes","Yes","Yes"
"1725","MGI:2444748","HGNC:20626","nervous system phenotype","Brain - Amygdala","Abnormality of the nervous system","abnormal telencephalon morphology","Yes","Yes","Yes"
"1726","MGI:2444748","HGNC:20626","nervous system phenotype","Brain - Hippocampus","Abnormality of the nervous system","abnormal telencephalon morphology","Yes","Yes","Yes"
"1727","MGI:2444748","HGNC:20626","nervous system phenotype","Brain - Anterior cingulate cortex (BA24)","Abnormality of the nervous system","abnormal telencephalon morphology","Yes","Yes","Yes"
"1728","MGI:95813","HGNC:4576","nervous system phenotype","Brain - Nucleus accumbens (basal ganglia)","Abnormality of the nervous system","abnormal cerebellar Purkinje cell layer","Yes","Yes","Yes"
"1729","MGI:96067","HGNC:4851","nervous system phenotype","Brain - Nucleus accumbens (basal ganglia)","Abnormality of the nervous system","abnormal brain morphology","Yes","Yes","Yes"
"1730","MGI:96067","HGNC:4851","nervous system phenotype","Brain - Putamen (basal ganglia)","Abnormality of the nervous system","abnormal brain morphology","Yes","Yes","Yes"
"1731","MGI:1347464","HGNC:3811","nervous system phenotype","Brain - Spinal cord (cervical c-1)","Abnormality of the nervous system","decreased forebrain volume","Yes","No","No"
"1732","MGI:1347464","HGNC:3811","nervous system phenotype","Pituitary","Abnormality of the nervous system","decreased forebrain volume","Yes","Yes","Yes"
"1733","MGI:1347464","HGNC:3811","nervous system phenotype","Nerve - Tibial","Abnormality of the nervous system","decreased forebrain volume","Yes","No","No"
"1734","MGI:1347464","HGNC:3811","nervous system phenotype","Brain - Anterior cingulate cortex (BA24)","Abnormality of the nervous system","decreased forebrain volume","Yes","Yes","Yes"
"1735","MGI:1347464","HGNC:3811","nervous system phenotype","Brain - Frontal Cortex (BA9)","Abnormality of the nervous system","decreased forebrain volume","Yes","Yes","Yes"
"1736","MGI:1347464","HGNC:3811","nervous system phenotype","Brain - Hippocampus","Abnormality of the nervous system","decreased forebrain volume","Yes","Yes","Yes"
"1737","MGI:1347464","HGNC:3811","nervous system phenotype","Brain - Cortex","Abnormality of the nervous system","decreased forebrain volume","Yes","Yes","Yes"
"1738","MGI:1347464","HGNC:3811","nervous system phenotype","Brain - Caudate (basal ganglia)","Abnormality of the nervous system","decreased forebrain volume","Yes","Yes","Yes"
"1739","MGI:1347464","HGNC:3811","nervous system phenotype","Brain - Substantia nigra","Abnormality of the nervous system","decreased forebrain volume","Yes","Yes","No"
"1740","MGI:1347464","HGNC:3811","nervous system phenotype","Brain - Amygdala","Abnormality of the nervous system","decreased forebrain volume","Yes","Yes","Yes"
"1741","MGI:1347464","HGNC:3811","nervous system phenotype","Brain - Cerebellum","Abnormality of the nervous system","decreased forebrain volume","Yes","No","No"
"1742","MGI:1347464","HGNC:3811","nervous system phenotype","Brain - Hypothalamus","Abnormality of the nervous system","decreased forebrain volume","Yes","Yes","No"
"1743","MGI:1347464","HGNC:3811","nervous system phenotype","Brain - Nucleus accumbens (basal ganglia)","Abnormality of the nervous system","decreased forebrain volume","Yes","Yes","Yes"
"1744","MGI:1097716","HGNC:18060","nervous system phenotype","Brain - Cerebellar Hemisphere","Abnormality of the nervous system","abnormal olfactory bulb morphology","No","No","No"
"1745","MGI:2447586","HGNC:17997","nervous system phenotype","Brain - Putamen (basal ganglia)","Abnormality of the nervous system","abnormal brain morphology","Yes","Yes","Yes"
"1746","MGI:1097716","HGNC:18060","nervous system phenotype","Brain - Nucleus accumbens (basal ganglia)","Abnormality of the nervous system","abnormal olfactory bulb morphology","No","Yes","Yes"
"1747","MGI:1097716","HGNC:18060","nervous system phenotype","Brain - Substantia nigra","Abnormality of the nervous system","abnormal olfactory bulb morphology","No","Yes","No"
"1748","MGI:1097716","HGNC:18060","nervous system phenotype","Nerve - Tibial","Abnormality of the nervous system","abnormal olfactory bulb morphology","No","No","No"
"1749","MGI:109482","HGNC:1388","nervous system phenotype","Brain - Spinal cord (cervical c-1)","Abnormality of the nervous system","cerebellum atrophy","Yes","Yes","Yes"
"1750","MGI:109482","HGNC:1388","nervous system phenotype","Brain - Nucleus accumbens (basal ganglia)","Abnormality of the nervous system","abnormal cerebellum morphology","Yes","Yes","Yes"
"1751","MGI:109482","HGNC:1388","nervous system phenotype","Brain - Substantia nigra","Abnormality of the nervous system","abnormal cerebellum morphology","Yes","Yes","Yes"
"1752","MGI:109482","HGNC:1388","nervous system phenotype","Brain - Hypothalamus","Abnormality of the nervous system","abnormal cerebellum morphology","Yes","Yes","Yes"
"1753","MGI:109482","HGNC:1388","nervous system phenotype","Brain - Anterior cingulate cortex (BA24)","Abnormality of the nervous system","abnormal cerebellum morphology","Yes","Yes","Yes"
"1754","MGI:109482","HGNC:1388","nervous system phenotype","Brain - Caudate (basal ganglia)","Abnormality of the nervous system","abnormal cerebellum morphology","Yes","Yes","Yes"
"1755","MGI:109482","HGNC:1388","nervous system phenotype","Nerve - Tibial","Abnormality of the nervous system","abnormal cerebellum morphology","Yes","Yes","Yes"
"1756","MGI:109482","HGNC:1388","nervous system phenotype","Brain - Frontal Cortex (BA9)","Abnormality of the nervous system","abnormal cerebellum morphology","Yes","Yes","Yes"
"1757","MGI:109482","HGNC:1388","nervous system phenotype","Brain - Cortex","Abnormality of the nervous system","abnormal cerebellum morphology","Yes","Yes","Yes"
"1758","MGI:109482","HGNC:1388","nervous system phenotype","Brain - Cerebellum","Abnormality of the nervous system","abnormal cerebellum morphology","Yes","Yes","Yes"
"1759","MGI:88252","HGNC:1455","nervous system phenotype","Brain - Anterior cingulate cortex (BA24)","Abnormality of the nervous system","exencephaly","Yes","Yes","Yes"
"1760","MGI:88252","HGNC:1455","nervous system phenotype","Brain - Substantia nigra","Abnormality of the nervous system","exencephaly","Yes","Yes","Yes"
"1761","MGI:95411","HGNC:3431","nervous system phenotype","Brain - Cerebellar Hemisphere","Abnormality of the nervous system","small dorsal root ganglion","Yes","Yes","Yes"
"1762","MGI:95411","HGNC:3431","nervous system phenotype","Brain - Nucleus accumbens (basal ganglia)","Abnormality of the nervous system","small dorsal root ganglion","Yes","Yes","Yes"
"1763","MGI:95411","HGNC:3431","nervous system phenotype","Brain - Putamen (basal ganglia)","Abnormality of the nervous system","small dorsal root ganglion","Yes","Yes","Yes"
"1764","MGI:95411","HGNC:3431","nervous system phenotype","Brain - Spinal cord (cervical c-1)","Abnormality of the nervous system","small dorsal root ganglion","Yes","Yes","Yes"
"1765","MGI:101791","HGNC:6132","nervous system phenotype","Brain - Amygdala","Abnormality of the nervous system","abnormal spinal cord interneuron morphology","Yes","No","No"
"1766","MGI:101791","HGNC:6132","nervous system phenotype","Brain - Putamen (basal ganglia)","Abnormality of the nervous system","abnormal spinal cord interneuron morphology","Yes","Yes","Yes"
"1767","MGI:101791","HGNC:6132","nervous system phenotype","Brain - Spinal cord (cervical c-1)","Abnormality of the nervous system","abnormal spinal cord interneuron morphology","Yes","No","No"
"1768","MGI:109482","HGNC:1388","nervous system phenotype","Brain - Anterior cingulate cortex (BA24)","Abnormality of the nervous system","abnormal brain morphology","Yes","Yes","Yes"
"1769","MGI:101791","HGNC:6132","nervous system phenotype","Brain - Anterior cingulate cortex (BA24)","Abnormality of the nervous system","abnormal spinal cord interneuron morphology","Yes","No","No"
"1770","MGI:109482","HGNC:1388","nervous system phenotype","Nerve - Tibial","Abnormality of the nervous system","abnormal brain morphology","Yes","Yes","Yes"
"1771","MGI:109482","HGNC:1388","nervous system phenotype","Brain - Frontal Cortex (BA9)","Abnormality of the nervous system","abnormal brain morphology","Yes","Yes","Yes"
"1772","MGI:109482","HGNC:1388","nervous system phenotype","Brain - Cortex","Abnormality of the nervous system","abnormal brain morphology","Yes","Yes","Yes"
"1773","MGI:109482","HGNC:1388","nervous system phenotype","Brain - Cerebellum","Abnormality of the nervous system","abnormal brain morphology","Yes","Yes","Yes"
"1774","MGI:109482","HGNC:1388","nervous system phenotype","Brain - Hippocampus","Abnormality of the nervous system","abnormal brain morphology","Yes","Yes","Yes"
"1775","MGI:109482","HGNC:1388","nervous system phenotype","Brain - Cerebellar Hemisphere","Abnormality of the nervous system","abnormal brain morphology","Yes","Yes","Yes"
"1776","MGI:109482","HGNC:1388","nervous system phenotype","Brain - Putamen (basal ganglia)","Abnormality of the nervous system","abnormal brain morphology","Yes","Yes","Yes"
"1777","MGI:109482","HGNC:1388","nervous system phenotype","Brain - Amygdala","Abnormality of the nervous system","abnormal brain morphology","Yes","Yes","Yes"
"1778","MGI:109482","HGNC:1388","nervous system phenotype","Pituitary","Abnormality of the nervous system","abnormal brain morphology","Yes","Yes","Yes"
"1779","MGI:96067","HGNC:4851","nervous system phenotype","Brain - Substantia nigra","Abnormality of the nervous system","decreased brain size","Yes","Yes","Yes"
"1780","MGI:96067","HGNC:4851","nervous system phenotype","Nerve - Tibial","Abnormality of the nervous system","decreased brain size","Yes","Yes","Yes"
"1781","MGI:96067","HGNC:4851","nervous system phenotype","Brain - Amygdala","Abnormality of the nervous system","decreased brain size","Yes","Yes","Yes"
"1782","MGI:96067","HGNC:4851","nervous system phenotype","Brain - Hypothalamus","Abnormality of the nervous system","decreased brain size","Yes","Yes","Yes"
"1783","MGI:95296","HGNC:3239","nervous system phenotype","Brain - Amygdala","Abnormality of the nervous system","decreased rhombomere 6 size","Yes","Yes","No"
"1784","MGI:95296","HGNC:3239","nervous system phenotype","Brain - Spinal cord (cervical c-1)","Abnormality of the nervous system","decreased rhombomere 6 size","Yes","Yes","Yes"
"1785","MGI:95663","HGNC:4172","nervous system phenotype","Brain - Caudate (basal ganglia)","Abnormality of the nervous system","abnormal brain morphology","Yes","No","No"
"1786","MGI:96067","HGNC:4851","nervous system phenotype","Brain - Spinal cord (cervical c-1)","Abnormality of the nervous system","decreased brain size","Yes","Yes","Yes"
"1787","MGI:96067","HGNC:4851","nervous system phenotype","Brain - Cortex","Abnormality of the nervous system","decreased brain size","Yes","Yes","Yes"
"1788","MGI:109482","HGNC:1388","nervous system phenotype","Brain - Cerebellum","Abnormality of the nervous system","small cerebellum","Yes","Yes","Yes"
"1789","MGI:96435","HGNC:5467","nervous system phenotype","Brain - Hypothalamus","Abnormality of the nervous system","increased brain size","Yes","Yes","Yes"
"1790","MGI:96174","HGNC:5103","nervous system phenotype","Pituitary","Abnormality of the nervous system","abnormal rhombomere morphology","Yes","No","No"
"1791","MGI:96174","HGNC:5103","nervous system phenotype","Brain - Cerebellum","Abnormality of the nervous system","abnormal rhombomere morphology","Yes","No","No"
"1792","MGI:96174","HGNC:5103","nervous system phenotype","Brain - Cerebellar Hemisphere","Abnormality of the nervous system","abnormal rhombomere morphology","Yes","No","No"
"1793","MGI:96174","HGNC:5103","nervous system phenotype","Nerve - Tibial","Abnormality of the nervous system","abnormal rhombomere morphology","Yes","Yes","Yes"
"1794","MGI:109482","HGNC:1388","nervous system phenotype","Brain - Spinal cord (cervical c-1)","Abnormality of the nervous system","small cerebellum","Yes","Yes","Yes"
"1795","MGI:96174","HGNC:5103","nervous system phenotype","Brain - Hypothalamus","Abnormality of the nervous system","abnormal rhombomere morphology","Yes","No","No"
"1796","MGI:96174","HGNC:5103","nervous system phenotype","Brain - Anterior cingulate cortex (BA24)","Abnormality of the nervous system","abnormal rhombomere morphology","Yes","No","No"
"1797","MGI:98277","HGNC:3388","nervous system phenotype","Brain - Cerebellum","Abnormality of the nervous system","ectopic thalamus","Yes","Yes","Yes"
"1798","MGI:95294","HGNC:3236","nervous system phenotype","Brain - Anterior cingulate cortex (BA24)","Abnormality of the nervous system","abnormal cerebral cortex morphology","Yes","Yes","Yes"
"1799","MGI:98277","HGNC:3388","nervous system phenotype","Brain - Caudate (basal ganglia)","Abnormality of the nervous system","ectopic thalamus","Yes","Yes","Yes"
"1800","MGI:95566","HGNC:3778","nervous system phenotype","Brain - Cortex","Abnormality of the nervous system","kinked neural tube","Yes","Yes","Yes"
"1801","MGI:95294","HGNC:3236","nervous system phenotype","Brain - Cortex","Abnormality of the nervous system","abnormal cerebral cortex morphology","Yes","Yes","Yes"
"1802","MGI:95294","HGNC:3236","nervous system phenotype","Brain - Spinal cord (cervical c-1)","Abnormality of the nervous system","abnormal cerebral cortex morphology","Yes","Yes","Yes"
"1803","MGI:1097716","HGNC:18060","nervous system phenotype","Brain - Caudate (basal ganglia)","Abnormality of the nervous system","abnormal telencephalon morphology","Yes","Yes","Yes"
"1804","MGI:95621","HGNC:4083","nervous system phenotype","Brain - Frontal Cortex (BA9)","Abnormality of the nervous system","abnormal hippocampus neuron morphology","Yes","Yes","Yes"
"1805","MGI:95621","HGNC:4083","nervous system phenotype","Brain - Substantia nigra","Abnormality of the nervous system","abnormal hippocampus neuron morphology","Yes","Yes","Yes"
"1806","MGI:95621","HGNC:4083","nervous system phenotype","Brain - Caudate (basal ganglia)","Abnormality of the nervous system","abnormal hippocampus neuron morphology","Yes","Yes","Yes"
"1807","MGI:95621","HGNC:4083","nervous system phenotype","Brain - Hippocampus","Abnormality of the nervous system","abnormal hippocampus neuron morphology","Yes","Yes","Yes"
"1808","MGI:95621","HGNC:4083","nervous system phenotype","Brain - Putamen (basal ganglia)","Abnormality of the nervous system","abnormal hippocampus neuron morphology","Yes","Yes","Yes"
"1809","MGI:96182","HGNC:5111","nervous system phenotype","Brain - Amygdala","Abnormality of the nervous system","abnormal rhombomere 4 morphology","Yes","No","No"
"1810","MGI:96182","HGNC:5111","nervous system phenotype","Brain - Substantia nigra","Abnormality of the nervous system","abnormal rhombomere 4 morphology","Yes","No","No"
"1811","MGI:96182","HGNC:5111","nervous system phenotype","Brain - Frontal Cortex (BA9)","Abnormality of the nervous system","abnormal rhombomere 4 morphology","Yes","No","No"
"1812","MGI:96182","HGNC:5111","nervous system phenotype","Brain - Hippocampus","Abnormality of the nervous system","abnormal rhombomere 4 morphology","Yes","No","No"
"1813","MGI:96182","HGNC:5111","nervous system phenotype","Brain - Anterior cingulate cortex (BA24)","Abnormality of the nervous system","abnormal rhombomere 4 morphology","Yes","No","No"
"1814","MGI:96182","HGNC:5111","nervous system phenotype","Brain - Caudate (basal ganglia)","Abnormality of the nervous system","abnormal rhombomere 4 morphology","Yes","No","No"
"1815","MGI:96182","HGNC:5111","nervous system phenotype","Pituitary","Abnormality of the nervous system","abnormal rhombomere 4 morphology","Yes","No","No"
"1816","MGI:1097716","HGNC:18060","nervous system phenotype","Brain - Hippocampus","Abnormality of the nervous system","small olfactory bulb","No","Yes","Yes"
"1817","MGI:96182","HGNC:5111","nervous system phenotype","Brain - Hypothalamus","Abnormality of the nervous system","abnormal rhombomere 4 morphology","Yes","No","No"
"1818","MGI:88026","HGNC:494","nervous system phenotype","Brain - Cortex","Abnormality of the nervous system","small cerebellum","Yes","Yes","Yes"
"1819","MGI:88026","HGNC:494","nervous system phenotype","Brain - Anterior cingulate cortex (BA24)","Abnormality of the nervous system","small cerebellum","Yes","Yes","Yes"
"1820","MGI:88026","HGNC:494","nervous system phenotype","Brain - Hypothalamus","Abnormality of the nervous system","small cerebellum","Yes","Yes","Yes"
"1821","MGI:88026","HGNC:494","nervous system phenotype","Nerve - Tibial","Abnormality of the nervous system","small cerebellum","Yes","Yes","Yes"
"1822","MGI:95296","HGNC:3239","nervous system phenotype","Brain - Cerebellar Hemisphere","Abnormality of the nervous system","abnormal cranial nerve morphology","Yes","Yes","No"
"1823","MGI:95296","HGNC:3239","nervous system phenotype","Brain - Frontal Cortex (BA9)","Abnormality of the nervous system","abnormal cranial nerve morphology","Yes","Yes","Yes"
"1824","MGI:95663","HGNC:4172","nervous system phenotype","Brain - Cerebellum","Abnormality of the nervous system","abnormal brain morphology","Yes","No","No"
"1825","MGI:2447586","HGNC:17997","nervous system phenotype","Pituitary","Abnormality of the nervous system","abnormal brain morphology","Yes","Yes","Yes"
"1826","MGI:88026","HGNC:494","nervous system phenotype","Brain - Substantia nigra","Abnormality of the nervous system","small cerebellum","Yes","Yes","Yes"
"1827","MGI:95663","HGNC:4172","nervous system phenotype","Pituitary","Abnormality of the nervous system","abnormal brain morphology","Yes","Yes","Yes"
"1828","MGI:96435","HGNC:5467","nervous system phenotype","Brain - Anterior cingulate cortex (BA24)","Abnormality of the nervous system","increased brain size","Yes","Yes","Yes"
"1829","MGI:95294","HGNC:3236","nervous system phenotype","Brain - Anterior cingulate cortex (BA24)","Abnormality of the nervous system","thin cerebral cortex","Yes","Yes","Yes"
"1830","MGI:96435","HGNC:5467","nervous system phenotype","Brain - Cerebellar Hemisphere","Abnormality of the nervous system","increased brain size","Yes","Yes","Yes"
"1831","MGI:96435","HGNC:5467","nervous system phenotype","Nerve - Tibial","Abnormality of the nervous system","increased brain size","Yes","Yes","Yes"
"1832","MGI:96435","HGNC:5467","nervous system phenotype","Brain - Spinal cord (cervical c-1)","Abnormality of the nervous system","increased brain size","Yes","Yes","Yes"
"1833","MGI:95663","HGNC:4172","nervous system phenotype","Brain - Cortex","Abnormality of the nervous system","abnormal brain morphology","Yes","No","No"
"1834","MGI:95566","HGNC:3778","nervous system phenotype","Brain - Cerebellum","Abnormality of the nervous system","kinked neural tube","Yes","Yes","Yes"
"1835","MGI:95566","HGNC:3778","nervous system phenotype","Brain - Cerebellar Hemisphere","Abnormality of the nervous system","kinked neural tube","Yes","Yes","Yes"
"1836","MGI:95566","HGNC:3778","nervous system phenotype","Brain - Putamen (basal ganglia)","Abnormality of the nervous system","kinked neural tube","Yes","Yes","Yes"
"1837","MGI:95566","HGNC:3778","nervous system phenotype","Brain - Nucleus accumbens (basal ganglia)","Abnormality of the nervous system","kinked neural tube","Yes","Yes","Yes"
"1838","MGI:95294","HGNC:3236","nervous system phenotype","Brain - Nucleus accumbens (basal ganglia)","Abnormality of the nervous system","thin cerebral cortex","Yes","Yes","Yes"
"1839","MGI:95566","HGNC:3778","nervous system phenotype","Pituitary","Abnormality of the nervous system","kinked neural tube","Yes","Yes","Yes"
"1840","MGI:95294","HGNC:3236","nervous system phenotype","Brain - Substantia nigra","Abnormality of the nervous system","thin cerebral cortex","Yes","Yes","Yes"
"1841","MGI:95294","HGNC:3236","nervous system phenotype","Pituitary","Abnormality of the nervous system","thin cerebral cortex","Yes","Yes","Yes"
"1842","MGI:95294","HGNC:3236","nervous system phenotype","Nerve - Tibial","Abnormality of the nervous system","thin cerebral cortex","Yes","Yes","Yes"
"1843","MGI:109482","HGNC:1388","nervous system phenotype","Brain - Putamen (basal ganglia)","Abnormality of the nervous system","abnormal cerebellum morphology","Yes","Yes","Yes"
"1844","MGI:1097716","HGNC:18060","nervous system phenotype","Pituitary","Abnormality of the nervous system","abnormal telencephalon morphology","Yes","Yes","No"
"1845","MGI:1097716","HGNC:18060","nervous system phenotype","Brain - Cerebellum","Abnormality of the nervous system","abnormal telencephalon morphology","Yes","No","No"
"1846","MGI:1097716","HGNC:18060","nervous system phenotype","Brain - Hippocampus","Abnormality of the nervous system","abnormal telencephalon morphology","Yes","Yes","Yes"
"1847","MGI:1097716","HGNC:18060","nervous system phenotype","Brain - Frontal Cortex (BA9)","Abnormality of the nervous system","abnormal telencephalon morphology","Yes","Yes","Yes"
"1848","MGI:1097716","HGNC:18060","nervous system phenotype","Brain - Putamen (basal ganglia)","Abnormality of the nervous system","abnormal telencephalon morphology","Yes","Yes","Yes"
"1849","MGI:1097716","HGNC:18060","nervous system phenotype","Brain - Anterior cingulate cortex (BA24)","Abnormality of the nervous system","abnormal telencephalon morphology","Yes","Yes","Yes"
"1850","MGI:1097716","HGNC:18060","nervous system phenotype","Brain - Cerebellar Hemisphere","Abnormality of the nervous system","abnormal striatum morphology","Yes","No","No"
"1851","MGI:1097716","HGNC:18060","nervous system phenotype","Brain - Cortex","Abnormality of the nervous system","abnormal striatum morphology","Yes","Yes","Yes"
"1852","MGI:1097716","HGNC:18060","nervous system phenotype","Brain - Nucleus accumbens (basal ganglia)","Abnormality of the nervous system","abnormal striatum morphology","Yes","Yes","Yes"
"1853","MGI:1097716","HGNC:18060","nervous system phenotype","Brain - Substantia nigra","Abnormality of the nervous system","abnormal striatum morphology","Yes","Yes","No"
"1854","MGI:1097716","HGNC:18060","nervous system phenotype","Nerve - Tibial","Abnormality of the nervous system","abnormal striatum morphology","Yes","No","No"
"1855","MGI:1097716","HGNC:18060","nervous system phenotype","Brain - Spinal cord (cervical c-1)","Abnormality of the nervous system","abnormal striatum morphology","Yes","No","No"
"1856","MGI:1097716","HGNC:18060","nervous system phenotype","Brain - Hypothalamus","Abnormality of the nervous system","abnormal striatum morphology","Yes","Yes","Yes"
"1857","MGI:1097716","HGNC:18060","nervous system phenotype","Brain - Amygdala","Abnormality of the nervous system","abnormal striatum morphology","Yes","Yes","Yes"
"1858","MGI:1097716","HGNC:18060","nervous system phenotype","Brain - Caudate (basal ganglia)","Abnormality of the nervous system","abnormal striatum morphology","Yes","Yes","Yes"
"1859","MGI:1097716","HGNC:18060","nervous system phenotype","Pituitary","Abnormality of the nervous system","abnormal striatum morphology","Yes","Yes","No"
"1860","MGI:1097716","HGNC:18060","nervous system phenotype","Brain - Cerebellum","Abnormality of the nervous system","abnormal striatum morphology","Yes","No","No"
"1861","MGI:104565","HGNC:1785","nervous system phenotype","Brain - Cortex","Abnormality of the nervous system","increased pituitary gland tumor incidence","Yes","Yes","Yes"
"1862","MGI:104565","HGNC:1785","nervous system phenotype","Pituitary","Abnormality of the nervous system","increased pituitary gland tumor incidence","Yes","Yes","Yes"
"1863","MGI:1097716","HGNC:18060","nervous system phenotype","Brain - Putamen (basal ganglia)","Abnormality of the nervous system","abnormal striatum morphology","Yes","Yes","Yes"
"1864","MGI:1097716","HGNC:18060","nervous system phenotype","Brain - Anterior cingulate cortex (BA24)","Abnormality of the nervous system","abnormal striatum morphology","Yes","Yes","Yes"
"1865","MGI:95663","HGNC:4172","nervous system phenotype","Brain - Cerebellar Hemisphere","Abnormality of the nervous system","abnormal brain morphology","Yes","No","No"
"1866","MGI:95294","HGNC:3236","nervous system phenotype","Brain - Substantia nigra","Abnormality of the nervous system","small cerebellum","Yes","Yes","Yes"
"1867","MGI:2447586","HGNC:17997","nervous system phenotype","Brain - Nucleus accumbens (basal ganglia)","Abnormality of the nervous system","abnormal brain morphology","Yes","Yes","Yes"
"1868","MGI:96067","HGNC:4851","nervous system phenotype","Brain - Cerebellum","Abnormality of the nervous system","brain atrophy","Yes","Yes","Yes"
"1869","MGI:96067","HGNC:4851","nervous system phenotype","Brain - Frontal Cortex (BA9)","Abnormality of the nervous system","decreased brain size","Yes","Yes","Yes"
"1870","MGI:1097716","HGNC:18060","nervous system phenotype","Brain - Spinal cord (cervical c-1)","Abnormality of the nervous system","abnormal olfactory bulb morphology","No","No","No"
"1871","MGI:1097716","HGNC:18060","nervous system phenotype","Brain - Hypothalamus","Abnormality of the nervous system","abnormal olfactory bulb morphology","No","Yes","Yes"
"1872","MGI:1097716","HGNC:18060","nervous system phenotype","Brain - Amygdala","Abnormality of the nervous system","abnormal olfactory bulb morphology","No","Yes","Yes"
"1873","MGI:1097716","HGNC:18060","nervous system phenotype","Brain - Caudate (basal ganglia)","Abnormality of the nervous system","abnormal olfactory bulb morphology","No","Yes","Yes"
"1874","MGI:1097716","HGNC:18060","nervous system phenotype","Pituitary","Abnormality of the nervous system","abnormal olfactory bulb morphology","No","Yes","No"
"1875","MGI:1097716","HGNC:18060","nervous system phenotype","Brain - Cerebellum","Abnormality of the nervous system","abnormal olfactory bulb morphology","No","No","No"
"1876","MGI:1097716","HGNC:18060","nervous system phenotype","Brain - Hippocampus","Abnormality of the nervous system","abnormal olfactory bulb morphology","No","Yes","Yes"
"1877","MGI:95294","HGNC:3236","nervous system phenotype","Brain - Hypothalamus","Abnormality of the nervous system","thin cerebral cortex","Yes","Yes","Yes"
"1878","MGI:98277","HGNC:3388","nervous system phenotype","Brain - Frontal Cortex (BA9)","Abnormality of the nervous system","ectopic thalamus","Yes","Yes","Yes"
"1879","MGI:95294","HGNC:3236","nervous system phenotype","Brain - Amygdala","Abnormality of the nervous system","thin cerebral cortex","Yes","Yes","Yes"
"1880","MGI:95566","HGNC:3778","nervous system phenotype","Brain - Hypothalamus","Abnormality of the nervous system","kinked neural tube","Yes","Yes","Yes"
"1881","MGI:88252","HGNC:1455","nervous system phenotype","Brain - Cerebellum","Abnormality of the nervous system","exencephaly","Yes","Yes","Yes"
"1882","MGI:96217","HGNC:5157","nervous system phenotype","Brain - Nucleus accumbens (basal ganglia)","Abnormality of the nervous system","abnormal brain morphology","Yes","Yes","Yes"
"1883","MGI:95813","HGNC:4576","nervous system phenotype","Brain - Hypothalamus","Abnormality of the nervous system","abnormal cerebellar Purkinje cell layer","Yes","Yes","Yes"
"1884","MGI:109482","HGNC:1388","nervous system phenotype","Brain - Amygdala","Abnormality of the nervous system","abnormal cerebellum morphology","Yes","Yes","Yes"
"1885","MGI:101791","HGNC:6132","nervous system phenotype","Brain - Hippocampus","Abnormality of the nervous system","abnormal spinal cord interneuron morphology","Yes","No","No"
"1886","MGI:95296","HGNC:3239","nervous system phenotype","Brain - Cortex","Abnormality of the nervous system","abnormal geniculate ganglion morphology","Yes","Yes","Yes"
"1887","MGI:95296","HGNC:3239","nervous system phenotype","Pituitary","Abnormality of the nervous system","abnormal geniculate ganglion morphology","Yes","Yes","Yes"
"1888","MGI:95296","HGNC:3239","nervous system phenotype","Brain - Hypothalamus","Abnormality of the nervous system","abnormal geniculate ganglion morphology","Yes","Yes","No"
"1889","MGI:95296","HGNC:3239","nervous system phenotype","Brain - Amygdala","Abnormality of the nervous system","abnormal geniculate ganglion morphology","Yes","Yes","No"
"1890","MGI:95296","HGNC:3239","nervous system phenotype","Brain - Spinal cord (cervical c-1)","Abnormality of the nervous system","abnormal geniculate ganglion morphology","Yes","Yes","Yes"
"1891","MGI:95296","HGNC:3239","nervous system phenotype","Brain - Cerebellum","Abnormality of the nervous system","abnormal geniculate ganglion morphology","Yes","Yes","No"
"1892","MGI:95296","HGNC:3239","nervous system phenotype","Brain - Hippocampus","Abnormality of the nervous system","abnormal geniculate ganglion morphology","Yes","Yes","No"
"1893","MGI:95296","HGNC:3239","nervous system phenotype","Brain - Putamen (basal ganglia)","Abnormality of the nervous system","abnormal geniculate ganglion morphology","Yes","Yes","Yes"
"1894","MGI:95296","HGNC:3239","nervous system phenotype","Brain - Substantia nigra","Abnormality of the nervous system","abnormal geniculate ganglion morphology","Yes","Yes","No"
"1895","MGI:95296","HGNC:3239","nervous system phenotype","Nerve - Tibial","Abnormality of the nervous system","abnormal geniculate ganglion morphology","Yes","Yes","Yes"
"1896","MGI:95296","HGNC:3239","nervous system phenotype","Brain - Nucleus accumbens (basal ganglia)","Abnormality of the nervous system","abnormal geniculate ganglion morphology","Yes","Yes","Yes"
"1897","MGI:95296","HGNC:3239","nervous system phenotype","Brain - Anterior cingulate cortex (BA24)","Abnormality of the nervous system","abnormal geniculate ganglion morphology","Yes","Yes","No"
"1898","MGI:95296","HGNC:3239","nervous system phenotype","Brain - Cerebellar Hemisphere","Abnormality of the nervous system","abnormal geniculate ganglion morphology","Yes","Yes","No"
"1899","MGI:95296","HGNC:3239","nervous system phenotype","Brain - Frontal Cortex (BA9)","Abnormality of the nervous system","abnormal geniculate ganglion morphology","Yes","Yes","Yes"
"1900","MGI:95296","HGNC:3239","nervous system phenotype","Brain - Caudate (basal ganglia)","Abnormality of the nervous system","decreased rhombomere 6 size","Yes","Yes","Yes"
"1901","MGI:95296","HGNC:3239","nervous system phenotype","Brain - Cortex","Abnormality of the nervous system","decreased rhombomere 6 size","Yes","Yes","Yes"
"1902","MGI:95296","HGNC:3239","nervous system phenotype","Pituitary","Abnormality of the nervous system","decreased rhombomere 6 size","Yes","Yes","Yes"
"1903","MGI:95296","HGNC:3239","nervous system phenotype","Brain - Hypothalamus","Abnormality of the nervous system","decreased rhombomere 6 size","Yes","Yes","No"
"1904","MGI:95663","HGNC:4172","nervous system phenotype","Brain - Frontal Cortex (BA9)","Abnormality of the nervous system","abnormal brain morphology","Yes","No","No"
"1905","MGI:2447586","HGNC:17997","nervous system phenotype","Brain - Anterior cingulate cortex (BA24)","Abnormality of the nervous system","abnormal brain morphology","Yes","Yes","Yes"
"1906","MGI:96435","HGNC:5467","nervous system phenotype","Brain - Caudate (basal ganglia)","Abnormality of the nervous system","increased brain size","Yes","Yes","Yes"
"1907","MGI:95663","HGNC:4172","nervous system phenotype","Brain - Nucleus accumbens (basal ganglia)","Abnormality of the nervous system","abnormal brain morphology","Yes","No","No"
"1908","MGI:96435","HGNC:5467","nervous system phenotype","Brain - Cortex","Abnormality of the nervous system","increased brain size","Yes","Yes","Yes"
"1909","MGI:96435","HGNC:5467","nervous system phenotype","Brain - Putamen (basal ganglia)","Abnormality of the nervous system","increased brain size","Yes","Yes","Yes"
"1910","MGI:96067","HGNC:4851","nervous system phenotype","Brain - Putamen (basal ganglia)","Abnormality of the nervous system","brain atrophy","Yes","Yes","Yes"
"1911","MGI:96067","HGNC:4851","nervous system phenotype","Pituitary","Abnormality of the nervous system","brain atrophy","Yes","Yes","Yes"
"1912","MGI:95566","HGNC:3778","nervous system phenotype","Brain - Substantia nigra","Abnormality of the nervous system","kinked neural tube","Yes","Yes","Yes"
"1913","MGI:95566","HGNC:3778","nervous system phenotype","Brain - Hippocampus","Abnormality of the nervous system","kinked neural tube","Yes","Yes","Yes"
"1914","MGI:98277","HGNC:3388","nervous system phenotype","Brain - Nucleus accumbens (basal ganglia)","Abnormality of the nervous system","ectopic thalamus","Yes","Yes","Yes"
"1915","MGI:98277","HGNC:3388","nervous system phenotype","Nerve - Tibial","Abnormality of the nervous system","ectopic thalamus","Yes","Yes","Yes"
"1916","MGI:95729","HGNC:4319","nervous system phenotype","Brain - Hippocampus","Abnormality of the nervous system","abnormal lateral ventricle morphology","Yes","Yes","Yes"
"1917","MGI:95621","HGNC:4083","nervous system phenotype","Brain - Anterior cingulate cortex (BA24)","Abnormality of the nervous system","abnormal hippocampus neuron morphology","Yes","Yes","Yes"
"1918","MGI:95813","HGNC:4576","nervous system phenotype","Brain - Amygdala","Abnormality of the nervous system","abnormal cerebellar Purkinje cell layer","Yes","Yes","Yes"
"1919","MGI:88121","HGNC:894","nervous system phenotype","Nerve - Tibial","Abnormality of the nervous system","abnormal hypothalamus morphology","Yes","No","No"
"1920","MGI:88252","HGNC:1455","nervous system phenotype","Brain - Nucleus accumbens (basal ganglia)","Abnormality of the nervous system","exencephaly","Yes","Yes","Yes"
"1921","MGI:96067","HGNC:4851","nervous system phenotype","Brain - Frontal Cortex (BA9)","Abnormality of the nervous system","brain atrophy","Yes","Yes","Yes"
"1922","MGI:95411","HGNC:3431","nervous system phenotype","Brain - Amygdala","Abnormality of the nervous system","small dorsal root ganglion","Yes","Yes","Yes"
"1923","MGI:95411","HGNC:3431","nervous system phenotype","Nerve - Tibial","Abnormality of the nervous system","small dorsal root ganglion","Yes","Yes","Yes"
"1924","MGI:95813","HGNC:4576","nervous system phenotype","Brain - Frontal Cortex (BA9)","Abnormality of the nervous system","abnormal cerebellar Purkinje cell layer","Yes","Yes","No"
"1925","MGI:95813","HGNC:4576","nervous system phenotype","Brain - Caudate (basal ganglia)","Abnormality of the nervous system","abnormal cerebellar Purkinje cell layer","Yes","Yes","Yes"
"1926","MGI:95813","HGNC:4576","nervous system phenotype","Brain - Anterior cingulate cortex (BA24)","Abnormality of the nervous system","abnormal cerebellar Purkinje cell layer","Yes","Yes","Yes"
"1927","MGI:95388","HGNC:3341","nervous system phenotype","Brain - Frontal Cortex (BA9)","Abnormality of the nervous system","abnormal cerebral cortex morphology","Yes","Yes","Yes"
"1928","MGI:95388","HGNC:3341","nervous system phenotype","Brain - Putamen (basal ganglia)","Abnormality of the nervous system","abnormal cerebral cortex morphology","Yes","Yes","Yes"
"1929","MGI:88121","HGNC:894","nervous system phenotype","Pituitary","Abnormality of the nervous system","abnormal hypothalamus morphology","Yes","Yes","No"
"1930","MGI:95621","HGNC:4083","nervous system phenotype","Brain - Nucleus accumbens (basal ganglia)","Abnormality of the nervous system","abnormal hippocampus neuron morphology","Yes","Yes","Yes"
"1931","MGI:95621","HGNC:4083","nervous system phenotype","Brain - Hypothalamus","Abnormality of the nervous system","abnormal hippocampus neuron morphology","Yes","Yes","Yes"
"1932","MGI:88121","HGNC:894","nervous system phenotype","Brain - Hippocampus","Abnormality of the nervous system","abnormal hypothalamus morphology","Yes","Yes","No"
"1933","MGI:88145","HGNC:1033","nervous system phenotype","Brain - Spinal cord (cervical c-1)","Abnormality of the nervous system","decreased hippocampus volume","Yes","Yes","No"
"1934","MGI:95296","HGNC:3239","nervous system phenotype","Brain - Amygdala","Abnormality of the nervous system","abnormal cranial nerve morphology","Yes","Yes","No"
"1935","MGI:107321","HGNC:19347","nervous system phenotype","Brain - Anterior cingulate cortex (BA24)","Abnormality of the nervous system","abnormal cerebral cortex morphology","Yes","Yes","Yes"
"1936","MGI:107321","HGNC:19347","nervous system phenotype","Brain - Substantia nigra","Abnormality of the nervous system","abnormal cerebral cortex morphology","Yes","Yes","Yes"
"1937","MGI:107321","HGNC:19347","nervous system phenotype","Brain - Cerebellum","Abnormality of the nervous system","abnormal cerebral cortex morphology","Yes","Yes","Yes"
"1938","MGI:96182","HGNC:5111","nervous system phenotype","Nerve - Tibial","Abnormality of the nervous system","abnormal rhombomere 4 morphology","Yes","No","No"
"1939","MGI:107321","HGNC:19347","nervous system phenotype","Brain - Nucleus accumbens (basal ganglia)","Abnormality of the nervous system","abnormal cerebral cortex morphology","Yes","Yes","No"
"1940","MGI:95663","HGNC:4172","nervous system phenotype","Brain - Anterior cingulate cortex (BA24)","Abnormality of the nervous system","abnormal brain morphology","Yes","No","No"
"1941","MGI:95663","HGNC:4172","nervous system phenotype","Nerve - Tibial","Abnormality of the nervous system","abnormal brain morphology","Yes","Yes","No"
"1942","MGI:95663","HGNC:4172","nervous system phenotype","Brain - Amygdala","Abnormality of the nervous system","abnormal brain morphology","Yes","No","No"
"1943","MGI:96435","HGNC:5467","nervous system phenotype","Brain - Substantia nigra","Abnormality of the nervous system","increased brain size","Yes","Yes","Yes"
"1944","MGI:2447586","HGNC:17997","nervous system phenotype","Brain - Cerebellum","Abnormality of the nervous system","abnormal brain morphology","Yes","Yes","Yes"
"1945","MGI:1097716","HGNC:18060","nervous system phenotype","Brain - Frontal Cortex (BA9)","Abnormality of the nervous system","abnormal striatum morphology","Yes","Yes","Yes"
"1946","MGI:95294","HGNC:3236","nervous system phenotype","Brain - Amygdala","Abnormality of the nervous system","small cerebellum","Yes","Yes","Yes"
"1947","MGI:96067","HGNC:4851","nervous system phenotype","Brain - Anterior cingulate cortex (BA24)","Abnormality of the nervous system","abnormal brain morphology","Yes","Yes","Yes"
"1948","MGI:95294","HGNC:3236","nervous system phenotype","Pituitary","Abnormality of the nervous system","small cerebellum","Yes","Yes","Yes"
"1949","MGI:95294","HGNC:3236","nervous system phenotype","Nerve - Tibial","Abnormality of the nervous system","small cerebellum","Yes","Yes","Yes"
"1950","MGI:109482","HGNC:1388","nervous system phenotype","Brain - Hippocampus","Abnormality of the nervous system","abnormal cerebellum morphology","Yes","Yes","Yes"
"1951","MGI:96067","HGNC:4851","nervous system phenotype","Brain - Putamen (basal ganglia)","Abnormality of the nervous system","exencephaly","Yes","Yes","Yes"
"1952","MGI:96067","HGNC:4851","nervous system phenotype","Brain - Substantia nigra","Abnormality of the nervous system","brain atrophy","Yes","Yes","Yes"
"1953","MGI:96067","HGNC:4851","nervous system phenotype","Nerve - Tibial","Abnormality of the nervous system","brain atrophy","Yes","Yes","Yes"
"1954","MGI:95566","HGNC:3778","nervous system phenotype","Brain - Caudate (basal ganglia)","Abnormality of the nervous system","kinked neural tube","Yes","Yes","Yes"
"1955","MGI:96435","HGNC:5467","nervous system phenotype","Brain - Frontal Cortex (BA9)","Abnormality of the nervous system","increased brain size","Yes","Yes","Yes"
"1956","MGI:95729","HGNC:4319","nervous system phenotype","Nerve - Tibial","Abnormality of the nervous system","abnormal neural tube morphology","Yes","Yes","Yes"
"1957","MGI:95813","HGNC:4576","nervous system phenotype","Brain - Cerebellum","Abnormality of the nervous system","abnormal cerebellar Purkinje cell layer","Yes","Yes","Yes"
"1958","MGI:88252","HGNC:1455","nervous system phenotype","Brain - Cerebellar Hemisphere","Abnormality of the nervous system","exencephaly","Yes","Yes","Yes"
"1959","MGI:88252","HGNC:1455","nervous system phenotype","Brain - Hippocampus","Abnormality of the nervous system","exencephaly","Yes","Yes","Yes"
"1960","MGI:96067","HGNC:4851","nervous system phenotype","Brain - Cortex","Abnormality of the nervous system","brain atrophy","Yes","Yes","Yes"
"1961","MGI:95411","HGNC:3431","nervous system phenotype","Brain - Substantia nigra","Abnormality of the nervous system","small dorsal root ganglion","Yes","Yes","Yes"
"1962","MGI:96067","HGNC:4851","nervous system phenotype","Brain - Anterior cingulate cortex (BA24)","Abnormality of the nervous system","brain atrophy","Yes","Yes","Yes"
"1963","MGI:95411","HGNC:3431","nervous system phenotype","Brain - Caudate (basal ganglia)","Abnormality of the nervous system","abnormal dorsal root ganglion morphology","Yes","Yes","Yes"
"1964","MGI:95411","HGNC:3431","nervous system phenotype","Brain - Amygdala","Abnormality of the nervous system","abnormal dorsal root ganglion morphology","Yes","Yes","Yes"
"1965","MGI:96067","HGNC:4851","nervous system phenotype","Brain - Cerebellum","Abnormality of the nervous system","exencephaly","Yes","Yes","Yes"
"1966","MGI:95296","HGNC:3239","nervous system phenotype","Brain - Caudate (basal ganglia)","Abnormality of the nervous system","abnormal geniculate ganglion morphology","Yes","Yes","Yes"
"1967","MGI:109482","HGNC:1388","nervous system phenotype","Brain - Spinal cord (cervical c-1)","Abnormality of the nervous system","abnormal cerebellum morphology","Yes","Yes","Yes"
"1968","MGI:109482","HGNC:1388","nervous system phenotype","Brain - Nucleus accumbens (basal ganglia)","Abnormality of the nervous system","abnormal brain morphology","Yes","Yes","Yes"
"1969","MGI:109482","HGNC:1388","nervous system phenotype","Brain - Substantia nigra","Abnormality of the nervous system","abnormal brain morphology","Yes","Yes","Yes"
"1970","MGI:88121","HGNC:894","nervous system phenotype","Brain - Nucleus accumbens (basal ganglia)","Abnormality of the nervous system","abnormal hypothalamus morphology","Yes","Yes","No"
"1971","MGI:88121","HGNC:894","nervous system phenotype","Brain - Amygdala","Abnormality of the nervous system","abnormal hypothalamus morphology","Yes","Yes","No"
"1972","MGI:95411","HGNC:3431","nervous system phenotype","Pituitary","Abnormality of the nervous system","abnormal dorsal root ganglion morphology","Yes","Yes","Yes"
"1973","MGI:95411","HGNC:3431","nervous system phenotype","Brain - Substantia nigra","Abnormality of the nervous system","abnormal dorsal root ganglion morphology","Yes","Yes","Yes"
"1974","MGI:107321","HGNC:19347","nervous system phenotype","Brain - Hippocampus","Abnormality of the nervous system","abnormal cerebral cortex morphology","Yes","Yes","No"
"1975","MGI:95411","HGNC:3431","nervous system phenotype","Brain - Cerebellum","Abnormality of the nervous system","abnormal dorsal root ganglion morphology","Yes","Yes","Yes"
"1976","MGI:96067","HGNC:4851","nervous system phenotype","Brain - Nucleus accumbens (basal ganglia)","Abnormality of the nervous system","brain atrophy","Yes","Yes","Yes"
"1977","MGI:95411","HGNC:3431","nervous system phenotype","Brain - Cerebellum","Abnormality of the nervous system","small dorsal root ganglion","Yes","Yes","Yes"
"1978","MGI:107321","HGNC:19347","nervous system phenotype","Brain - Putamen (basal ganglia)","Abnormality of the nervous system","abnormal cerebral cortex morphology","Yes","Yes","No"
"1979","MGI:95411","HGNC:3431","nervous system phenotype","Brain - Cerebellar Hemisphere","Abnormality of the nervous system","abnormal dorsal root ganglion morphology","Yes","Yes","Yes"
"1980","MGI:107321","HGNC:19347","nervous system phenotype","Brain - Spinal cord (cervical c-1)","Abnormality of the nervous system","abnormal cerebral cortex morphology","Yes","Yes","No"
"1981","MGI:88145","HGNC:1033","nervous system phenotype","Nerve - Tibial","Abnormality of the nervous system","decreased hippocampus volume","Yes","Yes","No"
"1982","MGI:88145","HGNC:1033","nervous system phenotype","Brain - Cerebellum","Abnormality of the nervous system","decreased hippocampus volume","Yes","Yes","Yes"
"1983","MGI:88145","HGNC:1033","nervous system phenotype","Brain - Frontal Cortex (BA9)","Abnormality of the nervous system","decreased hippocampus volume","Yes","Yes","Yes"
"1984","MGI:2447586","HGNC:17997","nervous system phenotype","Brain - Substantia nigra","Abnormality of the nervous system","abnormal brain morphology","Yes","Yes","Yes"
"1985","MGI:1097716","HGNC:18060","nervous system phenotype","Brain - Hippocampus","Abnormality of the nervous system","abnormal striatum morphology","Yes","Yes","Yes"
"1986","MGI:96435","HGNC:5467","nervous system phenotype","Brain - Amygdala","Abnormality of the nervous system","increased brain size","Yes","Yes","Yes"
"1987","MGI:96435","HGNC:5467","nervous system phenotype","Brain - Hippocampus","Abnormality of the nervous system","increased brain size","Yes","Yes","Yes"
"1988","MGI:96435","HGNC:5467","nervous system phenotype","Pituitary","Abnormality of the nervous system","increased brain size","Yes","Yes","Yes"
"1989","MGI:95411","HGNC:3431","nervous system phenotype","Brain - Anterior cingulate cortex (BA24)","Abnormality of the nervous system","small dorsal root ganglion","Yes","Yes","Yes"
"1990","MGI:2447586","HGNC:17997","nervous system phenotype","Brain - Frontal Cortex (BA9)","Abnormality of the nervous system","abnormal brain morphology","Yes","Yes","Yes"
"1991","MGI:95566","HGNC:3778","nervous system phenotype","Brain - Frontal Cortex (BA9)","Abnormality of the nervous system","kinked neural tube","Yes","Yes","Yes"
"1992","MGI:95294","HGNC:3236","nervous system phenotype","Brain - Caudate (basal ganglia)","Abnormality of the nervous system","thin cerebral cortex","Yes","Yes","Yes"
"1993","MGI:95294","HGNC:3236","nervous system phenotype","Brain - Cerebellum","Abnormality of the nervous system","thin cerebral cortex","Yes","Yes","Yes"
"1994","MGI:88252","HGNC:1455","nervous system phenotype","Brain - Spinal cord (cervical c-1)","Abnormality of the nervous system","exencephaly","Yes","Yes","Yes"
"1995","MGI:88252","HGNC:1455","nervous system phenotype","Brain - Putamen (basal ganglia)","Abnormality of the nervous system","exencephaly","Yes","Yes","Yes"
"1996","MGI:95411","HGNC:3431","nervous system phenotype","Brain - Hypothalamus","Abnormality of the nervous system","small dorsal root ganglion","Yes","Yes","Yes"
"1997","MGI:95411","HGNC:3431","nervous system phenotype","Pituitary","Abnormality of the nervous system","small dorsal root ganglion","Yes","Yes","Yes"
"1998","MGI:95729","HGNC:4319","nervous system phenotype","Brain - Hypothalamus","Abnormality of the nervous system","abnormal lateral ventricle morphology","Yes","Yes","Yes"
"1999","MGI:96067","HGNC:4851","nervous system phenotype","Brain - Spinal cord (cervical c-1)","Abnormality of the nervous system","brain atrophy","Yes","Yes","Yes"
"2000","MGI:95294","HGNC:3236","nervous system phenotype","Brain - Cerebellar Hemisphere","Abnormality of the nervous system","thin cerebral cortex","Yes","Yes","Yes"
"2001","MGI:95411","HGNC:3431","nervous system phenotype","Brain - Anterior cingulate cortex (BA24)","Abnormality of the nervous system","abnormal dorsal root ganglion morphology","Yes","Yes","Yes"
"2002","MGI:96067","HGNC:4851","nervous system phenotype","Brain - Cerebellum","Abnormality of the nervous system","abnormal brain morphology","Yes","Yes","Yes"
"2003","MGI:96067","HGNC:4851","nervous system phenotype","Brain - Cortex","Abnormality of the nervous system","exencephaly","Yes","Yes","Yes"
"2004","MGI:2447586","HGNC:17997","nervous system phenotype","Brain - Amygdala","Abnormality of the nervous system","abnormal brain morphology","Yes","Yes","Yes"
"2005","MGI:95566","HGNC:3778","nervous system phenotype","Brain - Spinal cord (cervical c-1)","Abnormality of the nervous system","kinked neural tube","Yes","Yes","Yes"
"2006","MGI:1889008","HGNC:13211","nervous system phenotype","Brain - Nucleus accumbens (basal ganglia)","Abnormality of the nervous system","exencephaly","Yes","Yes","Yes"
"2007","MGI:1889008","HGNC:13211","nervous system phenotype","Brain - Frontal Cortex (BA9)","Abnormality of the nervous system","exencephaly","Yes","Yes","Yes"
"2008","MGI:95813","HGNC:4576","nervous system phenotype","Brain - Putamen (basal ganglia)","Abnormality of the nervous system","abnormal cerebellar Purkinje cell layer","Yes","Yes","Yes"
"2009","MGI:95813","HGNC:4576","nervous system phenotype","Brain - Cerebellar Hemisphere","Abnormality of the nervous system","abnormal cerebellar Purkinje cell layer","Yes","Yes","Yes"
"2010","MGI:109482","HGNC:1388","nervous system phenotype","Brain - Hypothalamus","Abnormality of the nervous system","abnormal brain morphology","Yes","Yes","Yes"
"2011","MGI:95697","HGNC:4235","nervous system phenotype","Brain - Cortex","Abnormality of the nervous system","abnormal CNS glial cell morphology","No","Yes","Yes"
"2012","MGI:1889008","HGNC:13211","nervous system phenotype","Brain - Caudate (basal ganglia)","Abnormality of the nervous system","exencephaly","Yes","Yes","Yes"
"2013","MGI:1889008","HGNC:13211","nervous system phenotype","Brain - Anterior cingulate cortex (BA24)","Abnormality of the nervous system","exencephaly","Yes","Yes","Yes"
"2014","MGI:96067","HGNC:4851","nervous system phenotype","Brain - Frontal Cortex (BA9)","Abnormality of the nervous system","abnormal brain morphology","Yes","Yes","Yes"
"2015","MGI:95294","HGNC:3236","nervous system phenotype","Brain - Hypothalamus","Abnormality of the nervous system","small cerebellum","Yes","Yes","Yes"
"2016","MGI:95388","HGNC:3341","nervous system phenotype","Brain - Spinal cord (cervical c-1)","Abnormality of the nervous system","abnormal cerebral cortex morphology","Yes","Yes","No"
"2017","MGI:96067","HGNC:4851","nervous system phenotype","Brain - Frontal Cortex (BA9)","Abnormality of the nervous system","exencephaly","Yes","Yes","Yes"
"2018","MGI:95411","HGNC:3431","nervous system phenotype","Nerve - Tibial","Abnormality of the nervous system","abnormal dorsal root ganglion morphology","Yes","Yes","Yes"
"2019","MGI:2447586","HGNC:17997","nervous system phenotype","Brain - Hippocampus","Abnormality of the nervous system","abnormal brain morphology","Yes","Yes","Yes"
"2020","MGI:95411","HGNC:3431","nervous system phenotype","Brain - Nucleus accumbens (basal ganglia)","Abnormality of the nervous system","abnormal dorsal root ganglion morphology","Yes","Yes","Yes"
"2021","MGI:95697","HGNC:4235","nervous system phenotype","Brain - Spinal cord (cervical c-1)","Abnormality of the nervous system","abnormal CNS glial cell morphology","No","Yes","Yes"
"2022","MGI:95697","HGNC:4235","nervous system phenotype","Brain - Substantia nigra","Abnormality of the nervous system","abnormal CNS glial cell morphology","No","Yes","Yes"
"2023","MGI:95697","HGNC:4235","nervous system phenotype","Pituitary","Abnormality of the nervous system","abnormal CNS glial cell morphology","No","Yes","Yes"
"2024","MGI:95294","HGNC:3236","nervous system phenotype","Brain - Hippocampus","Abnormality of the nervous system","small cerebellum","Yes","Yes","Yes"
"2025","MGI:95388","HGNC:3341","nervous system phenotype","Brain - Anterior cingulate cortex (BA24)","Abnormality of the nervous system","abnormal cerebral cortex morphology","Yes","Yes","Yes"
"2026","MGI:95294","HGNC:3236","nervous system phenotype","Brain - Nucleus accumbens (basal ganglia)","Abnormality of the nervous system","small cerebellum","Yes","Yes","Yes"
"2027","MGI:109482","HGNC:1388","nervous system phenotype","Brain - Caudate (basal ganglia)","Abnormality of the nervous system","abnormal brain morphology","Yes","Yes","Yes"
"2028","MGI:1889008","HGNC:13211","nervous system phenotype","Nerve - Tibial","Abnormality of the nervous system","exencephaly","Yes","Yes","Yes"
"2029","MGI:96067","HGNC:4851","nervous system phenotype","Brain - Spinal cord (cervical c-1)","Abnormality of the nervous system","exencephaly","Yes","Yes","Yes"
"2030","MGI:95388","HGNC:3341","nervous system phenotype","Brain - Caudate (basal ganglia)","Abnormality of the nervous system","abnormal cerebral cortex morphology","Yes","Yes","Yes"
"2031","MGI:109482","HGNC:1388","nervous system phenotype","Brain - Cerebellar Hemisphere","Abnormality of the nervous system","abnormal cerebellum morphology","Yes","Yes","Yes"
"2032","MGI:96067","HGNC:4851","nervous system phenotype","Brain - Nucleus accumbens (basal ganglia)","Abnormality of the nervous system","exencephaly","Yes","Yes","Yes"
"2033","MGI:96217","HGNC:5157","nervous system phenotype","Brain - Caudate (basal ganglia)","Abnormality of the nervous system","abnormal brain morphology","Yes","Yes","Yes"
"2034","MGI:95294","HGNC:3236","nervous system phenotype","Brain - Cortex","Abnormality of the nervous system","thin cerebral cortex","Yes","Yes","Yes"
"2035","MGI:96067","HGNC:4851","nervous system phenotype","Brain - Amygdala","Abnormality of the nervous system","brain atrophy","Yes","Yes","Yes"
"2036","MGI:96435","HGNC:5467","nervous system phenotype","Brain - Nucleus accumbens (basal ganglia)","Abnormality of the nervous system","increased brain size","Yes","Yes","Yes"
"2037","MGI:96174","HGNC:5103","nervous system phenotype","Brain - Amygdala","Abnormality of the nervous system","abnormal rhombomere morphology","Yes","No","No"
"2038","MGI:96067","HGNC:4851","nervous system phenotype","Brain - Cerebellar Hemisphere","Abnormality of the nervous system","brain atrophy","Yes","Yes","Yes"
"2039","MGI:98277","HGNC:3388","nervous system phenotype","Brain - Putamen (basal ganglia)","Abnormality of the nervous system","ectopic thalamus","Yes","Yes","Yes"
"2040","MGI:96067","HGNC:4851","nervous system phenotype","Brain - Spinal cord (cervical c-1)","Abnormality of the nervous system","abnormal brain morphology","Yes","Yes","Yes"
"2041","MGI:96067","HGNC:4851","nervous system phenotype","Brain - Cortex","Abnormality of the nervous system","abnormal brain morphology","Yes","Yes","Yes"
"2042","MGI:95294","HGNC:3236","nervous system phenotype","Brain - Cerebellar Hemisphere","Abnormality of the nervous system","small cerebellum","Yes","Yes","Yes"
"2043","MGI:95388","HGNC:3341","nervous system phenotype","Brain - Cortex","Abnormality of the nervous system","abnormal cerebral cortex morphology","Yes","Yes","Yes"
"2044","MGI:96067","HGNC:4851","nervous system phenotype","Brain - Anterior cingulate cortex (BA24)","Abnormality of the nervous system","exencephaly","Yes","Yes","Yes"
"2045","MGI:2447586","HGNC:17997","nervous system phenotype","Brain - Caudate (basal ganglia)","Abnormality of the nervous system","abnormal brain morphology","Yes","Yes","Yes"
"2046","MGI:96067","HGNC:4851","nervous system phenotype","Brain - Putamen (basal ganglia)","Abnormality of the nervous system","decreased brain size","Yes","Yes","Yes"
"2047","MGI:96067","HGNC:4851","nervous system phenotype","Brain - Caudate (basal ganglia)","Abnormality of the nervous system","exencephaly","Yes","Yes","Yes"
"2048","MGI:109482","HGNC:1388","nervous system phenotype","Pituitary","Abnormality of the nervous system","abnormal cerebellum morphology","Yes","Yes","Yes"
"2049","MGI:96067","HGNC:4851","nervous system phenotype","Brain - Substantia nigra","Abnormality of the nervous system","exencephaly","Yes","Yes","Yes"
"2050","MGI:95813","HGNC:4576","nervous system phenotype","Brain - Spinal cord (cervical c-1)","Abnormality of the nervous system","abnormal cerebellar Purkinje cell layer","Yes","Yes","Yes"
"2051","MGI:95813","HGNC:4576","nervous system phenotype","Brain - Substantia nigra","Abnormality of the nervous system","abnormal cerebellar Purkinje cell layer","Yes","Yes","Yes"
"2052","MGI:96067","HGNC:4851","nervous system phenotype","Brain - Hippocampus","Abnormality of the nervous system","exencephaly","Yes","Yes","Yes"
"2053","MGI:95294","HGNC:3236","nervous system phenotype","Brain - Hippocampus","Abnormality of the nervous system","thin cerebral cortex","Yes","Yes","Yes"
"2054","MGI:95388","HGNC:3341","nervous system phenotype","Brain - Cerebellar Hemisphere","Abnormality of the nervous system","abnormal cerebral cortex morphology","Yes","Yes","No"
"2055","MGI:96067","HGNC:4851","nervous system phenotype","Brain - Hypothalamus","Abnormality of the nervous system","exencephaly","Yes","Yes","Yes"
"2056","MGI:95566","HGNC:3778","nervous system phenotype","Nerve - Tibial","Abnormality of the nervous system","abnormal neural tube morphology","Yes","Yes","Yes"
"2057","MGI:1889008","HGNC:13211","nervous system phenotype","Brain - Substantia nigra","Abnormality of the nervous system","exencephaly","Yes","Yes","Yes"
"2058","MGI:95411","HGNC:3431","nervous system phenotype","Brain - Caudate (basal ganglia)","Abnormality of the nervous system","small dorsal root ganglion","Yes","Yes","Yes"
"2059","MGI:96067","HGNC:4851","nervous system phenotype","Brain - Nucleus accumbens (basal ganglia)","Abnormality of the nervous system","decreased brain size","Yes","Yes","Yes"
"2060","MGI:2447586","HGNC:17997","nervous system phenotype","Brain - Hypothalamus","Abnormality of the nervous system","abnormal brain morphology","Yes","Yes","Yes"
"2061","MGI:96182","HGNC:5111","nervous system phenotype","Brain - Cerebellar Hemisphere","Abnormality of the nervous system","abnormal rhombomere 4 morphology","Yes","No","No"
"2062","MGI:96182","HGNC:5111","nervous system phenotype","Brain - Cerebellum","Abnormality of the nervous system","abnormal rhombomere 4 morphology","Yes","No","No"
"2063","MGI:96435","HGNC:5467","nervous system phenotype","Brain - Cerebellum","Abnormality of the nervous system","increased brain size","Yes","Yes","Yes"
"2064","MGI:88145","HGNC:1033","nervous system phenotype","Brain - Cortex","Abnormality of the nervous system","decreased hippocampus volume","Yes","Yes","Yes"
"2065","MGI:96067","HGNC:4851","nervous system phenotype","Brain - Hypothalamus","Abnormality of the nervous system","abnormal brain morphology","Yes","Yes","Yes"
"2066","MGI:1889008","HGNC:13211","nervous system phenotype","Pituitary","Abnormality of the nervous system","exencephaly","Yes","Yes","Yes"
"2067","MGI:96067","HGNC:4851","nervous system phenotype","Brain - Cerebellar Hemisphere","Abnormality of the nervous system","abnormal brain morphology","Yes","Yes","Yes"
"2068","MGI:96067","HGNC:4851","nervous system phenotype","Brain - Hippocampus","Abnormality of the nervous system","abnormal brain morphology","Yes","Yes","Yes"
"2069","MGI:95388","HGNC:3341","nervous system phenotype","Nerve - Tibial","Abnormality of the nervous system","abnormal cerebral cortex morphology","Yes","Yes","Yes"
"2070","MGI:95697","HGNC:4235","nervous system phenotype","Brain - Putamen (basal ganglia)","Abnormality of the nervous system","abnormal CNS glial cell morphology","No","Yes","Yes"
"2071","MGI:1889008","HGNC:13211","nervous system phenotype","Brain - Spinal cord (cervical c-1)","Abnormality of the nervous system","exencephaly","Yes","Yes","Yes"
"2072","MGI:95697","HGNC:4235","nervous system phenotype","Brain - Hippocampus","Abnormality of the nervous system","abnormal CNS glial cell morphology","No","Yes","Yes"
"2073","MGI:1889008","HGNC:13211","nervous system phenotype","Brain - Cortex","Abnormality of the nervous system","exencephaly","Yes","Yes","Yes"
"2074","MGI:96217","HGNC:5157","nervous system phenotype","Brain - Frontal Cortex (BA9)","Abnormality of the nervous system","abnormal brain morphology","Yes","Yes","Yes"
"2075","MGI:95294","HGNC:3236","nervous system phenotype","Brain - Frontal Cortex (BA9)","Abnormality of the nervous system","abnormal cerebral cortex morphology","Yes","Yes","Yes"
"2076","MGI:96067","HGNC:4851","nervous system phenotype","Brain - Hypothalamus","Abnormality of the nervous system","brain atrophy","Yes","Yes","Yes"
"2077","MGI:96067","HGNC:4851","nervous system phenotype","Brain - Hippocampus","Abnormality of the nervous system","brain atrophy","Yes","Yes","Yes"
"2078","MGI:95294","HGNC:3236","nervous system phenotype","Brain - Putamen (basal ganglia)","Abnormality of the nervous system","thin cerebral cortex","Yes","Yes","Yes"
"2079","MGI:95566","HGNC:3778","nervous system phenotype","Brain - Spinal cord (cervical c-1)","Abnormality of the nervous system","abnormal neural tube morphology","Yes","Yes","Yes"
"2080","MGI:95411","HGNC:3431","nervous system phenotype","Brain - Cortex","Abnormality of the nervous system","small dorsal root ganglion","Yes","Yes","Yes"
"2081","MGI:95566","HGNC:3778","nervous system phenotype","Nerve - Tibial","Abnormality of the nervous system","kinked neural tube","Yes","Yes","Yes"
"2082","MGI:95566","HGNC:3778","nervous system phenotype","Brain - Amygdala","Abnormality of the nervous system","abnormal neural tube morphology","Yes","Yes","Yes"
"2083","MGI:95294","HGNC:3236","nervous system phenotype","Brain - Nucleus accumbens (basal ganglia)","Abnormality of the nervous system","abnormal cerebral cortex morphology","Yes","Yes","Yes"
"2084","MGI:95697","HGNC:4235","nervous system phenotype","Brain - Hypothalamus","Abnormality of the nervous system","abnormal CNS glial cell morphology","No","Yes","Yes"
"2085","MGI:95294","HGNC:3236","nervous system phenotype","Brain - Substantia nigra","Abnormality of the nervous system","abnormal cerebral cortex morphology","Yes","Yes","Yes"
"2086","MGI:1889008","HGNC:13211","nervous system phenotype","Brain - Hippocampus","Abnormality of the nervous system","exencephaly","Yes","Yes","Yes"
"2087","MGI:96067","HGNC:4851","nervous system phenotype","Brain - Cerebellum","Abnormality of the nervous system","decreased brain size","Yes","Yes","Yes"
"2088","MGI:2447586","HGNC:17997","nervous system phenotype","Brain - Spinal cord (cervical c-1)","Abnormality of the nervous system","abnormal brain morphology","Yes","Yes","Yes"
"2089","MGI:1889008","HGNC:13211","nervous system phenotype","Brain - Hypothalamus","Abnormality of the nervous system","exencephaly","Yes","Yes","Yes"
"2090","MGI:96067","HGNC:4851","nervous system phenotype","Nerve - Tibial","Abnormality of the nervous system","exencephaly","Yes","Yes","Yes"
"2091","MGI:96067","HGNC:4851","nervous system phenotype","Brain - Amygdala","Abnormality of the nervous system","exencephaly","Yes","Yes","Yes"
"2092","MGI:95411","HGNC:3431","nervous system phenotype","Brain - Hippocampus","Abnormality of the nervous system","small dorsal root ganglion","Yes","Yes","Yes"
"2093","MGI:95294","HGNC:3236","nervous system phenotype","Brain - Cerebellar Hemisphere","Abnormality of the nervous system","abnormal cerebral cortex morphology","Yes","Yes","Yes"
"2094","MGI:95566","HGNC:3778","nervous system phenotype","Pituitary","Abnormality of the nervous system","abnormal neural tube morphology","Yes","Yes","Yes"
"2095","MGI:96217","HGNC:5157","nervous system phenotype","Pituitary","Abnormality of the nervous system","abnormal brain morphology","Yes","Yes","Yes"
"2096","MGI:95388","HGNC:3341","nervous system phenotype","Pituitary","Abnormality of the nervous system","abnormal cerebral cortex morphology","Yes","Yes","Yes"
"2097","MGI:95294","HGNC:3236","nervous system phenotype","Brain - Amygdala","Abnormality of the nervous system","abnormal cerebral cortex morphology","Yes","Yes","Yes"
"2098","MGI:95566","HGNC:3778","nervous system phenotype","Brain - Caudate (basal ganglia)","Abnormality of the nervous system","abnormal neural tube morphology","Yes","Yes","Yes"
"2099","MGI:95388","HGNC:3341","nervous system phenotype","Brain - Substantia nigra","Abnormality of the nervous system","abnormal cerebral cortex morphology","Yes","Yes","Yes"
"2100","MGI:95697","HGNC:4235","nervous system phenotype","Nerve - Tibial","Abnormality of the nervous system","abnormal CNS glial cell morphology","No","Yes","Yes"
"2101","MGI:95294","HGNC:3236","nervous system phenotype","Brain - Cortex","Abnormality of the nervous system","small cerebellum","Yes","Yes","Yes"
"2102","MGI:2447586","HGNC:17997","nervous system phenotype","Brain - Cortex","Abnormality of the nervous system","abnormal brain morphology","Yes","Yes","Yes"
"2103","MGI:2447586","HGNC:17997","nervous system phenotype","Nerve - Tibial","Abnormality of the nervous system","abnormal brain morphology","Yes","Yes","Yes"
"2104","MGI:96067","HGNC:4851","nervous system phenotype","Brain - Amygdala","Abnormality of the nervous system","abnormal brain morphology","Yes","Yes","Yes"
"2105","MGI:1889008","HGNC:13211","nervous system phenotype","Brain - Putamen (basal ganglia)","Abnormality of the nervous system","exencephaly","Yes","Yes","Yes"
"2106","MGI:95388","HGNC:3341","nervous system phenotype","Brain - Nucleus accumbens (basal ganglia)","Abnormality of the nervous system","abnormal cerebral cortex morphology","Yes","Yes","Yes"
"2107","MGI:95566","HGNC:3778","nervous system phenotype","Brain - Amygdala","Abnormality of the nervous system","kinked neural tube","Yes","Yes","Yes"
"2108","MGI:96217","HGNC:5157","nervous system phenotype","Brain - Cerebellar Hemisphere","Abnormality of the nervous system","abnormal brain morphology","Yes","Yes","Yes"
"2109","MGI:95566","HGNC:3778","nervous system phenotype","Brain - Substantia nigra","Abnormality of the nervous system","abnormal neural tube morphology","Yes","Yes","Yes"
"2110","MGI:95294","HGNC:3236","nervous system phenotype","Brain - Hypothalamus","Abnormality of the nervous system","abnormal cerebral cortex morphology","Yes","Yes","Yes"
"2111","MGI:96217","HGNC:5157","nervous system phenotype","Brain - Spinal cord (cervical c-1)","Abnormality of the nervous system","abnormal brain morphology","Yes","Yes","Yes"
"2112","MGI:96067","HGNC:4851","nervous system phenotype","Brain - Cerebellar Hemisphere","Abnormality of the nervous system","exencephaly","Yes","Yes","Yes"
"2113","MGI:95697","HGNC:4235","nervous system phenotype","Brain - Cerebellar Hemisphere","Abnormality of the nervous system","abnormal CNS glial cell morphology","No","Yes","Yes"
"2114","MGI:88145","HGNC:1033","nervous system phenotype","Pituitary","Abnormality of the nervous system","decreased hippocampus volume","Yes","Yes","Yes"
"2115","MGI:96067","HGNC:4851","nervous system phenotype","Brain - Caudate (basal ganglia)","Abnormality of the nervous system","decreased brain size","Yes","Yes","Yes"
"2116","MGI:95294","HGNC:3236","nervous system phenotype","Brain - Spinal cord (cervical c-1)","Abnormality of the nervous system","thin cerebral cortex","Yes","Yes","Yes"
"2117","MGI:95294","HGNC:3236","nervous system phenotype","Brain - Frontal Cortex (BA9)","Abnormality of the nervous system","thin cerebral cortex","Yes","Yes","Yes"
"2118","MGI:95566","HGNC:3778","nervous system phenotype","Brain - Frontal Cortex (BA9)","Abnormality of the nervous system","abnormal neural tube morphology","Yes","Yes","Yes"
"2119","MGI:95294","HGNC:3236","nervous system phenotype","Brain - Hippocampus","Abnormality of the nervous system","abnormal cerebral cortex morphology","Yes","Yes","Yes"
"2120","MGI:95566","HGNC:3778","nervous system phenotype","Brain - Hypothalamus","Abnormality of the nervous system","abnormal neural tube morphology","Yes","Yes","Yes"
"2121","MGI:95294","HGNC:3236","nervous system phenotype","Brain - Cerebellum","Abnormality of the nervous system","small cerebellum","Yes","Yes","Yes"
"2122","MGI:95388","HGNC:3341","nervous system phenotype","Brain - Hippocampus","Abnormality of the nervous system","abnormal cerebral cortex morphology","Yes","Yes","Yes"
"2123","MGI:96217","HGNC:5157","nervous system phenotype","Brain - Cortex","Abnormality of the nervous system","abnormal brain morphology","Yes","Yes","Yes"
"2124","MGI:96217","HGNC:5157","nervous system phenotype","Brain - Amygdala","Abnormality of the nervous system","abnormal brain morphology","Yes","Yes","Yes"
"2125","MGI:95566","HGNC:3778","nervous system phenotype","Brain - Hippocampus","Abnormality of the nervous system","abnormal neural tube morphology","Yes","Yes","Yes"
"2126","MGI:95566","HGNC:3778","nervous system phenotype","Brain - Cerebellum","Abnormality of the nervous system","abnormal neural tube morphology","Yes","Yes","Yes"
"2127","MGI:88145","HGNC:1033","nervous system phenotype","Brain - Substantia nigra","Abnormality of the nervous system","decreased hippocampus volume","Yes","Yes","No"
"2128","MGI:95697","HGNC:4235","nervous system phenotype","Brain - Anterior cingulate cortex (BA24)","Abnormality of the nervous system","abnormal CNS glial cell morphology","No","Yes","Yes"
"2129","MGI:96067","HGNC:4851","nervous system phenotype","Pituitary","Abnormality of the nervous system","decreased brain size","Yes","Yes","Yes"
"2130","MGI:1889008","HGNC:13211","nervous system phenotype","Brain - Amygdala","Abnormality of the nervous system","exencephaly","Yes","Yes","Yes"
"2131","MGI:96067","HGNC:4851","nervous system phenotype","Pituitary","Abnormality of the nervous system","exencephaly","Yes","Yes","Yes"
"2132","MGI:95388","HGNC:3341","nervous system phenotype","Brain - Cerebellum","Abnormality of the nervous system","abnormal cerebral cortex morphology","Yes","Yes","No"
"2133","MGI:96067","HGNC:4851","nervous system phenotype","Nerve - Tibial","Abnormality of the nervous system","abnormal brain morphology","Yes","Yes","Yes"
"2134","MGI:95294","HGNC:3236","nervous system phenotype","Brain - Caudate (basal ganglia)","Abnormality of the nervous system","small cerebellum","Yes","Yes","Yes"
"2135","MGI:95388","HGNC:3341","nervous system phenotype","Brain - Hypothalamus","Abnormality of the nervous system","abnormal cerebral cortex morphology","Yes","Yes","Yes"
"2136","MGI:96217","HGNC:5157","nervous system phenotype","Brain - Substantia nigra","Abnormality of the nervous system","abnormal brain morphology","Yes","Yes","Yes"
"2137","MGI:95294","HGNC:3236","nervous system phenotype","Nerve - Tibial","Abnormality of the nervous system","abnormal cerebral cortex morphology","Yes","Yes","Yes"
"2138","MGI:95294","HGNC:3236","nervous system phenotype","Brain - Spinal cord (cervical c-1)","Abnormality of the nervous system","small cerebellum","Yes","Yes","Yes"
"2139","MGI:95566","HGNC:3778","nervous system phenotype","Brain - Anterior cingulate cortex (BA24)","Abnormality of the nervous system","abnormal neural tube morphology","Yes","Yes","Yes"
"2140","MGI:96217","HGNC:5157","nervous system phenotype","Brain - Putamen (basal ganglia)","Abnormality of the nervous system","abnormal brain morphology","Yes","Yes","Yes"
"2141","MGI:95294","HGNC:3236","nervous system phenotype","Brain - Putamen (basal ganglia)","Abnormality of the nervous system","abnormal cerebral cortex morphology","Yes","Yes","Yes"
"2142","MGI:96067","HGNC:4851","nervous system phenotype","Brain - Substantia nigra","Abnormality of the nervous system","abnormal brain morphology","Yes","Yes","Yes"
"2143","MGI:95294","HGNC:3236","nervous system phenotype","Brain - Putamen (basal ganglia)","Abnormality of the nervous system","small cerebellum","Yes","Yes","Yes"
"2144","MGI:95697","HGNC:4235","nervous system phenotype","Brain - Nucleus accumbens (basal ganglia)","Abnormality of the nervous system","abnormal CNS glial cell morphology","No","Yes","Yes"
"2145","MGI:95566","HGNC:3778","nervous system phenotype","Brain - Cortex","Abnormality of the nervous system","abnormal neural tube morphology","Yes","Yes","Yes"
"2146","MGI:95294","HGNC:3236","nervous system phenotype","Pituitary","Abnormality of the nervous system","abnormal cerebral cortex morphology","Yes","Yes","Yes"
"2147","MGI:96217","HGNC:5157","nervous system phenotype","Brain - Hypothalamus","Abnormality of the nervous system","abnormal brain morphology","Yes","Yes","Yes"
"2148","MGI:95388","HGNC:3341","nervous system phenotype","Brain - Amygdala","Abnormality of the nervous system","abnormal cerebral cortex morphology","Yes","Yes","Yes"
"2149","MGI:96217","HGNC:5157","nervous system phenotype","Brain - Hippocampus","Abnormality of the nervous system","abnormal brain morphology","Yes","Yes","Yes"
"2150","MGI:88145","HGNC:1033","nervous system phenotype","Brain - Cerebellar Hemisphere","Abnormality of the nervous system","decreased hippocampus volume","Yes","Yes","Yes"
"2151","MGI:88145","HGNC:1033","nervous system phenotype","Brain - Amygdala","Abnormality of the nervous system","decreased hippocampus volume","Yes","Yes","No"
"2152","MGI:95294","HGNC:3236","nervous system phenotype","Brain - Frontal Cortex (BA9)","Abnormality of the nervous system","small cerebellum","Yes","Yes","Yes"
"2153","MGI:95697","HGNC:4235","nervous system phenotype","Brain - Amygdala","Abnormality of the nervous system","abnormal CNS glial cell morphology","No","Yes","Yes"
"2154","MGI:95566","HGNC:3778","nervous system phenotype","Brain - Nucleus accumbens (basal ganglia)","Abnormality of the nervous system","abnormal neural tube morphology","Yes","Yes","Yes"
"2155","MGI:95294","HGNC:3236","nervous system phenotype","Brain - Anterior cingulate cortex (BA24)","Abnormality of the nervous system","small cerebellum","Yes","Yes","Yes"
"2156","MGI:95566","HGNC:3778","nervous system phenotype","Brain - Cerebellar Hemisphere","Abnormality of the nervous system","abnormal neural tube morphology","Yes","Yes","Yes"
"2157","MGI:95697","HGNC:4235","nervous system phenotype","Brain - Cerebellum","Abnormality of the nervous system","abnormal CNS glial cell morphology","No","Yes","Yes"
"2158","MGI:88145","HGNC:1033","nervous system phenotype","Brain - Anterior cingulate cortex (BA24)","Abnormality of the nervous system","decreased hippocampus volume","Yes","Yes","Yes"
"2159","MGI:96217","HGNC:5157","nervous system phenotype","Brain - Cerebellum","Abnormality of the nervous system","abnormal brain morphology","Yes","Yes","Yes"
"2160","MGI:96067","HGNC:4851","nervous system phenotype","Pituitary","Abnormality of the nervous system","abnormal brain morphology","Yes","Yes","Yes"
"2161","MGI:96217","HGNC:5157","nervous system phenotype","Nerve - Tibial","Abnormality of the nervous system","abnormal brain morphology","Yes","Yes","Yes"
"2162","MGI:96067","HGNC:4851","nervous system phenotype","Brain - Caudate (basal ganglia)","Abnormality of the nervous system","abnormal brain morphology","Yes","Yes","Yes"
"2163","MGI:88145","HGNC:1033","nervous system phenotype","Brain - Putamen (basal ganglia)","Abnormality of the nervous system","decreased hippocampus volume","Yes","No","No"
"2164","MGI:96217","HGNC:5157","nervous system phenotype","Brain - Anterior cingulate cortex (BA24)","Abnormality of the nervous system","abnormal brain morphology","Yes","Yes","Yes"
"2165","MGI:95566","HGNC:3778","nervous system phenotype","Brain - Putamen (basal ganglia)","Abnormality of the nervous system","abnormal neural tube morphology","Yes","Yes","Yes"
"2166","MGI:95523","HGNC:3689","pigmentation phenotype","Skin - Sun Exposed (Lower leg)","Abnormality of the integument","decreased skin pigmentation","Yes","Yes","Yes"
"2167","MGI:95523","HGNC:3689","pigmentation phenotype","Skin - Not Sun Exposed (Suprapubic)","Abnormality of the integument","decreased skin pigmentation","Yes","Yes","Yes"
"2168","MGI:95655","HGNC:4165","pigmentation phenotype","Skin - Sun Exposed (Lower leg)","Abnormality of the integument","abnormal retinal pigment epithelium morphology","No","Yes","Yes"
"2169","MGI:1195272","HGNC:3157","pigmentation phenotype","Skin - Sun Exposed (Lower leg)","Abnormality of the integument","abnormal hair follicle melanocyte morphology","Yes","Yes","Yes"
"2170","MGI:104627","HGNC:1090","pigmentation phenotype","Skin - Not Sun Exposed (Suprapubic)","Abnormality of the integument","abnormal skin pigmentation","Yes","Yes","Yes"
"2171","MGI:1931001","HGNC:14341","pigmentation phenotype","Skin - Not Sun Exposed (Suprapubic)","Abnormality of the integument","abnormal skin pigmentation","No","Yes","Yes"
"2172","MGI:1195272","HGNC:3157","pigmentation phenotype","Skin - Not Sun Exposed (Suprapubic)","Abnormality of the integument","abnormal hair follicle melanocyte morphology","Yes","Yes","Yes"
"2173","MGI:1931001","HGNC:14341","pigmentation phenotype","Skin - Sun Exposed (Lower leg)","Abnormality of the integument","abnormal skin pigmentation","No","Yes","Yes"
"2174","MGI:95655","HGNC:4165","pigmentation phenotype","Skin - Not Sun Exposed (Suprapubic)","Abnormality of the integument","abnormal retinal pigment epithelium morphology","No","Yes","Yes"
"2175","MGI:104627","HGNC:1090","pigmentation phenotype","Skin - Sun Exposed (Lower leg)","Abnormality of the integument","abnormal skin pigmentation","Yes","Yes","Yes"
"2176","MGI:109442","HGNC:6144","renal/urinary system phenotype","Cervix - Endocervix","Abnormality of the genitourinary system","absent kidney","Yes","Yes","Yes"
"2177","MGI:2670972","HGNC:23399","renal/urinary system phenotype","Prostate","Abnormality of the genitourinary system","absent kidney","Yes","Yes","No"
"2178","MGI:96435","HGNC:5467","renal/urinary system phenotype","Kidney - Cortex","Abnormality of the genitourinary system","enlarged kidney","Yes","Yes","Yes"
"2179","MGI:1096327","HGNC:903","renal/urinary system phenotype","Vagina","Abnormality of the genitourinary system","absent kidney","Yes","Yes","Yes"
"2180","MGI:109442","HGNC:6144","renal/urinary system phenotype","Uterus","Abnormality of the genitourinary system","single kidney","Yes","Yes","Yes"
"2181","MGI:109442","HGNC:6144","renal/urinary system phenotype","Vagina","Abnormality of the genitourinary system","absent kidney","Yes","Yes","Yes"
"2182","MGI:109442","HGNC:6144","renal/urinary system phenotype","Uterus","Abnormality of the genitourinary system","small kidney","Yes","Yes","Yes"
"2183","MGI:1336993","HGNC:573","renal/urinary system phenotype","Testis","Abnormality of the genitourinary system","increased kidney weight","Yes","Yes","Yes"
"2184","MGI:96435","HGNC:5467","renal/urinary system phenotype","Vagina","Abnormality of the genitourinary system","enlarged kidney","Yes","Yes","Yes"
"2185","MGI:109442","HGNC:6144","renal/urinary system phenotype","Vagina","Abnormality of the genitourinary system","abnormal kidney morphology","Yes","Yes","Yes"
"2186","MGI:109442","HGNC:6144","renal/urinary system phenotype","Testis","Abnormality of the genitourinary system","abnormal kidney morphology","Yes","Yes","No"
"2187","MGI:1096327","HGNC:903","renal/urinary system phenotype","Bladder","Abnormality of the genitourinary system","absent kidney","Yes","Yes","Yes"
"2188","MGI:98715","HGNC:20606","renal/urinary system phenotype","Cervix - Ectocervix","Abnormality of the genitourinary system","polycystic kidney","Yes","Yes","Yes"
"2189","MGI:109442","HGNC:6144","renal/urinary system phenotype","Kidney - Cortex","Abnormality of the genitourinary system","absent kidney","Yes","Yes","Yes"
"2190","MGI:109442","HGNC:6144","renal/urinary system phenotype","Prostate","Abnormality of the genitourinary system","absent kidney","Yes","Yes","Yes"
"2191","MGI:109442","HGNC:6144","renal/urinary system phenotype","Bladder","Abnormality of the genitourinary system","absent kidney","Yes","Yes","Yes"
"2192","MGI:1336993","HGNC:573","renal/urinary system phenotype","Cervix - Ectocervix","Abnormality of the genitourinary system","increased kidney weight","Yes","Yes","Yes"
"2193","MGI:98715","HGNC:20606","renal/urinary system phenotype","Uterus","Abnormality of the genitourinary system","kidney cysts","Yes","Yes","Yes"
"2194","MGI:96435","HGNC:5467","renal/urinary system phenotype","Cervix - Endocervix","Abnormality of the genitourinary system","enlarged kidney","Yes","Yes","Yes"
"2195","MGI:2143311","HGNC:969","renal/urinary system phenotype","Prostate","Abnormality of the genitourinary system","kidney cysts","Yes","Yes","Yes"
"2196","MGI:109442","HGNC:6144","renal/urinary system phenotype","Fallopian Tube","Abnormality of the genitourinary system","absent kidney","Yes","Yes","Yes"
"2197","MGI:109442","HGNC:6144","renal/urinary system phenotype","Ovary","Abnormality of the genitourinary system","absent kidney","Yes","Yes","Yes"
"2198","MGI:1096327","HGNC:903","renal/urinary system phenotype","Prostate","Abnormality of the genitourinary system","absent kidney","Yes","Yes","Yes"
"2199","MGI:1921303","HGNC:18708","renal/urinary system phenotype","Bladder","Abnormality of the genitourinary system","single kidney","Yes","Yes","Yes"
"2200","MGI:1336993","HGNC:573","renal/urinary system phenotype","Cervix - Endocervix","Abnormality of the genitourinary system","increased kidney weight","Yes","Yes","Yes"
"2201","MGI:1336993","HGNC:573","renal/urinary system phenotype","Uterus","Abnormality of the genitourinary system","increased kidney weight","Yes","Yes","Yes"
"2202","MGI:109442","HGNC:6144","renal/urinary system phenotype","Cervix - Ectocervix","Abnormality of the genitourinary system","absent kidney","Yes","Yes","Yes"
"2203","MGI:98715","HGNC:20606","renal/urinary system phenotype","Cervix - Ectocervix","Abnormality of the genitourinary system","kidney cysts","Yes","Yes","Yes"
"2204","MGI:109442","HGNC:6144","renal/urinary system phenotype","Testis","Abnormality of the genitourinary system","absent kidney","Yes","Yes","No"
"2205","MGI:98715","HGNC:20606","renal/urinary system phenotype","Vagina","Abnormality of the genitourinary system","kidney cysts","Yes","Yes","Yes"
"2206","MGI:95388","HGNC:3341","renal/urinary system phenotype","Cervix - Ectocervix","Abnormality of the genitourinary system","small kidney","Yes","Yes","Yes"
"2207","MGI:2670972","HGNC:23399","renal/urinary system phenotype","Ovary","Abnormality of the genitourinary system","abnormal kidney morphology","Yes","Yes","Yes"
"2208","MGI:2670972","HGNC:23399","renal/urinary system phenotype","Prostate","Abnormality of the genitourinary system","abnormal kidney morphology","Yes","Yes","No"
"2209","MGI:109442","HGNC:6144","renal/urinary system phenotype","Prostate","Abnormality of the genitourinary system","abnormal kidney morphology","Yes","Yes","Yes"
"2210","MGI:109442","HGNC:6144","renal/urinary system phenotype","Ovary","Abnormality of the genitourinary system","single kidney","Yes","Yes","Yes"
"2211","MGI:2670972","HGNC:23399","renal/urinary system phenotype","Vagina","Abnormality of the genitourinary system","abnormal kidney morphology","Yes","Yes","Yes"
"2212","MGI:2670972","HGNC:23399","renal/urinary system phenotype","Testis","Abnormality of the genitourinary system","abnormal kidney morphology","Yes","Yes","Yes"
"2213","MGI:2670972","HGNC:23399","renal/urinary system phenotype","Cervix - Ectocervix","Abnormality of the genitourinary system","abnormal kidney morphology","Yes","Yes","Yes"
"2214","MGI:2670972","HGNC:23399","renal/urinary system phenotype","Uterus","Abnormality of the genitourinary system","abnormal kidney morphology","Yes","Yes","Yes"
"2215","MGI:109442","HGNC:6144","renal/urinary system phenotype","Prostate","Abnormality of the genitourinary system","single kidney","Yes","Yes","Yes"
"2216","MGI:109442","HGNC:6144","renal/urinary system phenotype","Vagina","Abnormality of the genitourinary system","single kidney","Yes","Yes","Yes"
"2217","MGI:98715","HGNC:20606","renal/urinary system phenotype","Testis","Abnormality of the genitourinary system","kidney cysts","Yes","Yes","Yes"
"2218","MGI:1336993","HGNC:573","renal/urinary system phenotype","Ovary","Abnormality of the genitourinary system","increased kidney weight","Yes","Yes","Yes"
"2219","MGI:1336993","HGNC:573","renal/urinary system phenotype","Bladder","Abnormality of the genitourinary system","increased kidney weight","Yes","Yes","Yes"
"2220","MGI:1336993","HGNC:573","renal/urinary system phenotype","Kidney - Cortex","Abnormality of the genitourinary system","increased kidney weight","Yes","Yes","Yes"
"2221","MGI:96435","HGNC:5467","renal/urinary system phenotype","Ovary","Abnormality of the genitourinary system","enlarged kidney","Yes","Yes","Yes"
"2222","MGI:2670972","HGNC:23399","renal/urinary system phenotype","Fallopian Tube","Abnormality of the genitourinary system","abnormal kidney morphology","Yes","Yes","Yes"
"2223","MGI:109442","HGNC:6144","renal/urinary system phenotype","Kidney - Cortex","Abnormality of the genitourinary system","abnormal kidney morphology","Yes","Yes","Yes"
"2224","MGI:109442","HGNC:6144","renal/urinary system phenotype","Cervix - Ectocervix","Abnormality of the genitourinary system","abnormal kidney morphology","Yes","Yes","Yes"
"2225","MGI:2444465","HGNC:25396","renal/urinary system phenotype","Uterus","Abnormality of the genitourinary system","absent kidney","Yes","Yes","No"
"2226","MGI:2444465","HGNC:25396","renal/urinary system phenotype","Cervix - Ectocervix","Abnormality of the genitourinary system","absent kidney","Yes","Yes","No"
"2227","MGI:2444465","HGNC:25396","renal/urinary system phenotype","Prostate","Abnormality of the genitourinary system","absent kidney","Yes","Yes","No"
"2228","MGI:109442","HGNC:6144","renal/urinary system phenotype","Ovary","Abnormality of the genitourinary system","small kidney","Yes","Yes","Yes"
"2229","MGI:109442","HGNC:6144","renal/urinary system phenotype","Bladder","Abnormality of the genitourinary system","small kidney","Yes","Yes","Yes"
"2230","MGI:1336993","HGNC:573","renal/urinary system phenotype","Vagina","Abnormality of the genitourinary system","increased kidney weight","Yes","Yes","Yes"
"2231","MGI:95388","HGNC:3341","renal/urinary system phenotype","Vagina","Abnormality of the genitourinary system","absent kidney","Yes","Yes","Yes"
"2232","MGI:95388","HGNC:3341","renal/urinary system phenotype","Kidney - Cortex","Abnormality of the genitourinary system","small kidney","Yes","Yes","Yes"
"2233","MGI:2385368","HGNC:19185","renal/urinary system phenotype","Vagina","Abnormality of the genitourinary system","single kidney","Yes","Yes","Yes"
"2234","MGI:109442","HGNC:6144","renal/urinary system phenotype","Cervix - Ectocervix","Abnormality of the genitourinary system","small kidney","Yes","Yes","Yes"
"2235","MGI:1336993","HGNC:573","renal/urinary system phenotype","Fallopian Tube","Abnormality of the genitourinary system","increased kidney weight","Yes","Yes","Yes"
"2236","MGI:1096327","HGNC:903","renal/urinary system phenotype","Ovary","Abnormality of the genitourinary system","absent kidney","Yes","Yes","Yes"
"2237","MGI:1096327","HGNC:903","renal/urinary system phenotype","Uterus","Abnormality of the genitourinary system","absent kidney","Yes","Yes","Yes"
"2238","MGI:1096327","HGNC:903","renal/urinary system phenotype","Cervix - Endocervix","Abnormality of the genitourinary system","absent kidney","Yes","Yes","Yes"
"2239","MGI:109442","HGNC:6144","renal/urinary system phenotype","Uterus","Abnormality of the genitourinary system","absent kidney","Yes","Yes","Yes"
"2240","MGI:98715","HGNC:20606","renal/urinary system phenotype","Bladder","Abnormality of the genitourinary system","kidney cysts","Yes","Yes","Yes"
"2241","MGI:98715","HGNC:20606","renal/urinary system phenotype","Cervix - Endocervix","Abnormality of the genitourinary system","kidney cysts","Yes","Yes","Yes"
"2242","MGI:1336993","HGNC:573","renal/urinary system phenotype","Prostate","Abnormality of the genitourinary system","increased kidney weight","Yes","Yes","Yes"
"2243","MGI:2385368","HGNC:19185","renal/urinary system phenotype","Vagina","Abnormality of the genitourinary system","small kidney","Yes","Yes","Yes"
"2244","MGI:98715","HGNC:20606","renal/urinary system phenotype","Prostate","Abnormality of the genitourinary system","kidney cysts","Yes","Yes","Yes"
"2245","MGI:2143311","HGNC:969","renal/urinary system phenotype","Ovary","Abnormality of the genitourinary system","kidney cysts","Yes","Yes","Yes"
"2246","MGI:98715","HGNC:20606","renal/urinary system phenotype","Fallopian Tube","Abnormality of the genitourinary system","kidney cysts","Yes","Yes","Yes"
"2247","MGI:2143311","HGNC:969","renal/urinary system phenotype","Fallopian Tube","Abnormality of the genitourinary system","kidney cysts","Yes","Yes","Yes"
"2248","MGI:109442","HGNC:6144","renal/urinary system phenotype","Kidney - Cortex","Abnormality of the genitourinary system","small kidney","Yes","Yes","Yes"
"2249","MGI:2143311","HGNC:969","renal/urinary system phenotype","Testis","Abnormality of the genitourinary system","kidney cysts","Yes","Yes","Yes"
"2250","MGI:98715","HGNC:20606","renal/urinary system phenotype","Bladder","Abnormality of the genitourinary system","enlarged kidney","Yes","Yes","Yes"
"2251","MGI:109442","HGNC:6144","renal/urinary system phenotype","Bladder","Abnormality of the genitourinary system","single kidney","Yes","Yes","Yes"
"2252","MGI:109442","HGNC:6144","renal/urinary system phenotype","Cervix - Endocervix","Abnormality of the genitourinary system","single kidney","Yes","Yes","Yes"
"2253","MGI:109442","HGNC:6144","renal/urinary system phenotype","Fallopian Tube","Abnormality of the genitourinary system","single kidney","Yes","Yes","Yes"
"2254","MGI:109442","HGNC:6144","renal/urinary system phenotype","Cervix - Ectocervix","Abnormality of the genitourinary system","single kidney","Yes","Yes","Yes"
"2255","MGI:109442","HGNC:6144","renal/urinary system phenotype","Kidney - Cortex","Abnormality of the genitourinary system","single kidney","Yes","Yes","Yes"
"2256","MGI:96435","HGNC:5467","renal/urinary system phenotype","Bladder","Abnormality of the genitourinary system","enlarged kidney","Yes","Yes","Yes"
"2257","MGI:1921303","HGNC:18708","renal/urinary system phenotype","Vagina","Abnormality of the genitourinary system","absent kidney","Yes","Yes","Yes"
"2258","MGI:1921303","HGNC:18708","renal/urinary system phenotype","Cervix - Endocervix","Abnormality of the genitourinary system","absent kidney","Yes","Yes","No"
"2259","MGI:1921303","HGNC:18708","renal/urinary system phenotype","Ovary","Abnormality of the genitourinary system","absent kidney","Yes","Yes","Yes"
"2260","MGI:1921303","HGNC:18708","renal/urinary system phenotype","Fallopian Tube","Abnormality of the genitourinary system","absent kidney","Yes","Yes","Yes"
"2261","MGI:2143311","HGNC:969","renal/urinary system phenotype","Bladder","Abnormality of the genitourinary system","kidney cysts","Yes","Yes","Yes"
"2262","MGI:109442","HGNC:6144","renal/urinary system phenotype","Cervix - Endocervix","Abnormality of the genitourinary system","abnormal kidney morphology","Yes","Yes","Yes"
"2263","MGI:109442","HGNC:6144","renal/urinary system phenotype","Fallopian Tube","Abnormality of the genitourinary system","abnormal kidney morphology","Yes","Yes","Yes"
"2264","MGI:1921303","HGNC:18708","renal/urinary system phenotype","Cervix - Ectocervix","Abnormality of the genitourinary system","kidney cysts","Yes","Yes","No"
"2265","MGI:1921303","HGNC:18708","renal/urinary system phenotype","Prostate","Abnormality of the genitourinary system","kidney cysts","Yes","Yes","Yes"
"2266","MGI:2670972","HGNC:23399","renal/urinary system phenotype","Cervix - Endocervix","Abnormality of the genitourinary system","single kidney","Yes","Yes","Yes"
"2267","MGI:2444465","HGNC:25396","renal/urinary system phenotype","Testis","Abnormality of the genitourinary system","absent kidney","Yes","Yes","No"
"2268","MGI:2444465","HGNC:25396","renal/urinary system phenotype","Vagina","Abnormality of the genitourinary system","absent kidney","Yes","No","No"
"2269","MGI:95388","HGNC:3341","renal/urinary system phenotype","Fallopian Tube","Abnormality of the genitourinary system","absent kidney","Yes","Yes","Yes"
"2270","MGI:2444465","HGNC:25396","renal/urinary system phenotype","Bladder","Abnormality of the genitourinary system","absent kidney","Yes","Yes","Yes"
"2271","MGI:2444465","HGNC:25396","renal/urinary system phenotype","Kidney - Cortex","Abnormality of the genitourinary system","absent kidney","Yes","Yes","Yes"
"2272","MGI:109442","HGNC:6144","renal/urinary system phenotype","Cervix - Endocervix","Abnormality of the genitourinary system","small kidney","Yes","Yes","Yes"
"2273","MGI:109442","HGNC:6144","renal/urinary system phenotype","Fallopian Tube","Abnormality of the genitourinary system","small kidney","Yes","Yes","Yes"
"2274","MGI:2670972","HGNC:23399","renal/urinary system phenotype","Cervix - Ectocervix","Abnormality of the genitourinary system","single kidney","Yes","Yes","Yes"
"2275","MGI:2670972","HGNC:23399","renal/urinary system phenotype","Uterus","Abnormality of the genitourinary system","single kidney","Yes","Yes","Yes"
"2276","MGI:109442","HGNC:6144","renal/urinary system phenotype","Prostate","Abnormality of the genitourinary system","small kidney","Yes","Yes","Yes"
"2277","MGI:109442","HGNC:6144","renal/urinary system phenotype","Vagina","Abnormality of the genitourinary system","small kidney","Yes","Yes","Yes"
"2278","MGI:109442","HGNC:6144","renal/urinary system phenotype","Testis","Abnormality of the genitourinary system","small kidney","Yes","Yes","No"
"2279","MGI:1921303","HGNC:18708","renal/urinary system phenotype","Ovary","Abnormality of the genitourinary system","single kidney","Yes","Yes","Yes"
"2280","MGI:1921303","HGNC:18708","renal/urinary system phenotype","Fallopian Tube","Abnormality of the genitourinary system","single kidney","Yes","Yes","Yes"
"2281","MGI:1351351","HGNC:1514","renal/urinary system phenotype","Kidney - Cortex","Abnormality of the genitourinary system","nephrocalcinosis","Yes","Yes","Yes"
"2282","MGI:98715","HGNC:20606","renal/urinary system phenotype","Kidney - Cortex","Abnormality of the genitourinary system","kidney cysts","Yes","Yes","Yes"
"2283","MGI:98715","HGNC:20606","renal/urinary system phenotype","Ovary","Abnormality of the genitourinary system","kidney cysts","Yes","Yes","Yes"
"2284","MGI:1921303","HGNC:18708","renal/urinary system phenotype","Cervix - Ectocervix","Abnormality of the genitourinary system","single kidney","Yes","Yes","No"
"2285","MGI:1921303","HGNC:18708","renal/urinary system phenotype","Prostate","Abnormality of the genitourinary system","single kidney","Yes","Yes","Yes"
"2286","MGI:1921303","HGNC:18708","renal/urinary system phenotype","Uterus","Abnormality of the genitourinary system","single kidney","Yes","Yes","Yes"
"2287","MGI:1921303","HGNC:18708","renal/urinary system phenotype","Kidney - Cortex","Abnormality of the genitourinary system","small kidney","Yes","Yes","Yes"
"2288","MGI:1921303","HGNC:18708","renal/urinary system phenotype","Vagina","Abnormality of the genitourinary system","small kidney","Yes","Yes","Yes"
"2289","MGI:1921303","HGNC:18708","renal/urinary system phenotype","Cervix - Endocervix","Abnormality of the genitourinary system","small kidney","Yes","Yes","No"
"2290","MGI:1921303","HGNC:18708","renal/urinary system phenotype","Ovary","Abnormality of the genitourinary system","small kidney","Yes","Yes","Yes"
"2291","MGI:1921303","HGNC:18708","renal/urinary system phenotype","Fallopian Tube","Abnormality of the genitourinary system","small kidney","Yes","Yes","Yes"
"2292","MGI:1921303","HGNC:18708","renal/urinary system phenotype","Bladder","Abnormality of the genitourinary system","small kidney","Yes","Yes","Yes"
"2293","MGI:1921303","HGNC:18708","renal/urinary system phenotype","Testis","Abnormality of the genitourinary system","small kidney","Yes","Yes","Yes"
"2294","MGI:98715","HGNC:20606","renal/urinary system phenotype","Prostate","Abnormality of the genitourinary system","enlarged kidney","Yes","Yes","Yes"
"2295","MGI:1921303","HGNC:18708","renal/urinary system phenotype","Prostate","Abnormality of the genitourinary system","small kidney","Yes","Yes","Yes"
"2296","MGI:1921303","HGNC:18708","renal/urinary system phenotype","Uterus","Abnormality of the genitourinary system","small kidney","Yes","Yes","Yes"
"2297","MGI:96435","HGNC:5467","renal/urinary system phenotype","Fallopian Tube","Abnormality of the genitourinary system","enlarged kidney","Yes","Yes","Yes"
"2298","MGI:2385368","HGNC:19185","renal/urinary system phenotype","Prostate","Abnormality of the genitourinary system","abnormal metanephros morphology","Yes","Yes","Yes"
"2299","MGI:2385368","HGNC:19185","renal/urinary system phenotype","Cervix - Endocervix","Abnormality of the genitourinary system","abnormal metanephros morphology","Yes","Yes","Yes"
"2300","MGI:2385368","HGNC:19185","renal/urinary system phenotype","Kidney - Cortex","Abnormality of the genitourinary system","abnormal metanephros morphology","Yes","Yes","Yes"
"2301","MGI:2385368","HGNC:19185","renal/urinary system phenotype","Testis","Abnormality of the genitourinary system","abnormal metanephros morphology","Yes","Yes","Yes"
"2302","MGI:1921303","HGNC:18708","renal/urinary system phenotype","Bladder","Abnormality of the genitourinary system","absent kidney","Yes","Yes","Yes"
"2303","MGI:1921303","HGNC:18708","renal/urinary system phenotype","Testis","Abnormality of the genitourinary system","absent kidney","Yes","Yes","Yes"
"2304","MGI:1921303","HGNC:18708","renal/urinary system phenotype","Cervix - Ectocervix","Abnormality of the genitourinary system","absent kidney","Yes","Yes","No"
"2305","MGI:1921303","HGNC:18708","renal/urinary system phenotype","Prostate","Abnormality of the genitourinary system","absent kidney","Yes","Yes","Yes"
"2306","MGI:1921303","HGNC:18708","renal/urinary system phenotype","Uterus","Abnormality of the genitourinary system","absent kidney","Yes","Yes","Yes"
"2307","MGI:2670972","HGNC:23399","renal/urinary system phenotype","Bladder","Abnormality of the genitourinary system","single kidney","Yes","Yes","Yes"
"2308","MGI:2670972","HGNC:23399","renal/urinary system phenotype","Kidney - Cortex","Abnormality of the genitourinary system","single kidney","Yes","Yes","Yes"
"2309","MGI:2670972","HGNC:23399","renal/urinary system phenotype","Ovary","Abnormality of the genitourinary system","single kidney","Yes","Yes","Yes"
"2310","MGI:2670972","HGNC:23399","renal/urinary system phenotype","Prostate","Abnormality of the genitourinary system","single kidney","Yes","Yes","No"
"2311","MGI:2670972","HGNC:23399","renal/urinary system phenotype","Fallopian Tube","Abnormality of the genitourinary system","single kidney","Yes","Yes","Yes"
"2312","MGI:2670972","HGNC:23399","renal/urinary system phenotype","Vagina","Abnormality of the genitourinary system","single kidney","Yes","Yes","Yes"
"2313","MGI:2670972","HGNC:23399","renal/urinary system phenotype","Testis","Abnormality of the genitourinary system","single kidney","Yes","Yes","Yes"
"2314","MGI:1096327","HGNC:903","renal/urinary system phenotype","Testis","Abnormality of the genitourinary system","absent kidney","Yes","Yes","Yes"
"2315","MGI:1096327","HGNC:903","renal/urinary system phenotype","Kidney - Cortex","Abnormality of the genitourinary system","absent kidney","Yes","Yes","Yes"
"2316","MGI:1096327","HGNC:903","renal/urinary system phenotype","Fallopian Tube","Abnormality of the genitourinary system","absent kidney","Yes","Yes","Yes"
"2317","MGI:1096327","HGNC:903","renal/urinary system phenotype","Cervix - Ectocervix","Abnormality of the genitourinary system","absent kidney","Yes","Yes","Yes"
"2318","MGI:1351351","HGNC:1514","renal/urinary system phenotype","Fallopian Tube","Abnormality of the genitourinary system","nephrocalcinosis","Yes","No","No"
"2319","MGI:1351351","HGNC:1514","renal/urinary system phenotype","Testis","Abnormality of the genitourinary system","nephrocalcinosis","Yes","Yes","No"
"2320","MGI:1351351","HGNC:1514","renal/urinary system phenotype","Cervix - Endocervix","Abnormality of the genitourinary system","nephrocalcinosis","Yes","No","No"
"2321","MGI:95388","HGNC:3341","renal/urinary system phenotype","Cervix - Endocervix","Abnormality of the genitourinary system","small kidney","Yes","Yes","Yes"
"2322","MGI:1351351","HGNC:1514","renal/urinary system phenotype","Cervix - Ectocervix","Abnormality of the genitourinary system","nephrocalcinosis","Yes","No","No"
"2323","MGI:1351351","HGNC:1514","renal/urinary system phenotype","Prostate","Abnormality of the genitourinary system","nephrocalcinosis","Yes","No","No"
"2324","MGI:1351351","HGNC:1514","renal/urinary system phenotype","Ovary","Abnormality of the genitourinary system","nephrocalcinosis","Yes","Yes","No"
"2325","MGI:1351351","HGNC:1514","renal/urinary system phenotype","Uterus","Abnormality of the genitourinary system","nephrocalcinosis","Yes","No","No"
"2326","MGI:1351351","HGNC:1514","renal/urinary system phenotype","Bladder","Abnormality of the genitourinary system","nephrocalcinosis","Yes","Yes","No"
"2327","MGI:1351351","HGNC:1514","renal/urinary system phenotype","Vagina","Abnormality of the genitourinary system","nephrocalcinosis","Yes","No","No"
"2328","MGI:2385368","HGNC:19185","renal/urinary system phenotype","Prostate","Abnormality of the genitourinary system","small kidney","Yes","Yes","Yes"
"2329","MGI:2385368","HGNC:19185","renal/urinary system phenotype","Cervix - Endocervix","Abnormality of the genitourinary system","small kidney","Yes","Yes","Yes"
"2330","MGI:96435","HGNC:5467","renal/urinary system phenotype","Uterus","Abnormality of the genitourinary system","enlarged kidney","Yes","Yes","Yes"
"2331","MGI:96435","HGNC:5467","renal/urinary system phenotype","Testis","Abnormality of the genitourinary system","enlarged kidney","Yes","Yes","Yes"
"2332","MGI:2385368","HGNC:19185","renal/urinary system phenotype","Uterus","Abnormality of the genitourinary system","small kidney","Yes","Yes","No"
"2333","MGI:96435","HGNC:5467","renal/urinary system phenotype","Prostate","Abnormality of the genitourinary system","enlarged kidney","Yes","Yes","Yes"
"2334","MGI:1921303","HGNC:18708","renal/urinary system phenotype","Cervix - Ectocervix","Abnormality of the genitourinary system","small kidney","Yes","Yes","No"
"2335","MGI:2442184","HGNC:27310","renal/urinary system phenotype","Cervix - Ectocervix","Abnormality of the genitourinary system","kidney cysts","Yes","Yes","Yes"
"2336","MGI:2442184","HGNC:27310","renal/urinary system phenotype","Prostate","Abnormality of the genitourinary system","kidney cysts","Yes","Yes","Yes"
"2337","MGI:1921303","HGNC:18708","renal/urinary system phenotype","Kidney - Cortex","Abnormality of the genitourinary system","absent kidney","Yes","Yes","Yes"
"2338","MGI:2442184","HGNC:27310","renal/urinary system phenotype","Vagina","Abnormality of the genitourinary system","kidney cysts","Yes","Yes","Yes"
"2339","MGI:109442","HGNC:6144","renal/urinary system phenotype","Testis","Abnormality of the genitourinary system","single kidney","Yes","Yes","No"
"2340","MGI:109442","HGNC:6144","renal/urinary system phenotype","Uterus","Abnormality of the genitourinary system","abnormal kidney morphology","Yes","Yes","Yes"
"2341","MGI:109442","HGNC:6144","renal/urinary system phenotype","Ovary","Abnormality of the genitourinary system","abnormal kidney morphology","Yes","Yes","Yes"
"2342","MGI:109442","HGNC:6144","renal/urinary system phenotype","Bladder","Abnormality of the genitourinary system","abnormal kidney morphology","Yes","Yes","Yes"
"2343","MGI:2442184","HGNC:27310","renal/urinary system phenotype","Bladder","Abnormality of the genitourinary system","kidney cysts","Yes","Yes","Yes"
"2344","MGI:2444465","HGNC:25396","renal/urinary system phenotype","Cervix - Endocervix","Abnormality of the genitourinary system","absent kidney","Yes","Yes","No"
"2345","MGI:95388","HGNC:3341","renal/urinary system phenotype","Kidney - Cortex","Abnormality of the genitourinary system","absent kidney","Yes","Yes","Yes"
"2346","MGI:95388","HGNC:3341","renal/urinary system phenotype","Cervix - Ectocervix","Abnormality of the genitourinary system","absent kidney","Yes","Yes","Yes"
"2347","MGI:95388","HGNC:3341","renal/urinary system phenotype","Prostate","Abnormality of the genitourinary system","absent kidney","Yes","Yes","No"
"2348","MGI:95388","HGNC:3341","renal/urinary system phenotype","Uterus","Abnormality of the genitourinary system","absent kidney","Yes","Yes","Yes"
"2349","MGI:95388","HGNC:3341","renal/urinary system phenotype","Testis","Abnormality of the genitourinary system","absent kidney","Yes","Yes","Yes"
"2350","MGI:1921303","HGNC:18708","renal/urinary system phenotype","Cervix - Endocervix","Abnormality of the genitourinary system","polycystic kidney","Yes","Yes","No"
"2351","MGI:95388","HGNC:3341","renal/urinary system phenotype","Cervix - Endocervix","Abnormality of the genitourinary system","absent kidney","Yes","Yes","Yes"
"2352","MGI:95388","HGNC:3341","renal/urinary system phenotype","Bladder","Abnormality of the genitourinary system","absent kidney","Yes","Yes","Yes"
"2353","MGI:95388","HGNC:3341","renal/urinary system phenotype","Ovary","Abnormality of the genitourinary system","absent kidney","Yes","Yes","Yes"
"2354","MGI:1921303","HGNC:18708","renal/urinary system phenotype","Testis","Abnormality of the genitourinary system","polycystic kidney","Yes","Yes","Yes"
"2355","MGI:1921303","HGNC:18708","renal/urinary system phenotype","Cervix - Ectocervix","Abnormality of the genitourinary system","polycystic kidney","Yes","Yes","No"
"2356","MGI:1921303","HGNC:18708","renal/urinary system phenotype","Prostate","Abnormality of the genitourinary system","polycystic kidney","Yes","Yes","Yes"
"2357","MGI:95388","HGNC:3341","renal/urinary system phenotype","Prostate","Abnormality of the genitourinary system","small kidney","Yes","Yes","No"
"2358","MGI:95388","HGNC:3341","renal/urinary system phenotype","Uterus","Abnormality of the genitourinary system","small kidney","Yes","Yes","Yes"
"2359","MGI:95388","HGNC:3341","renal/urinary system phenotype","Testis","Abnormality of the genitourinary system","small kidney","Yes","Yes","Yes"
"2360","MGI:95388","HGNC:3341","renal/urinary system phenotype","Fallopian Tube","Abnormality of the genitourinary system","small kidney","Yes","Yes","Yes"
"2361","MGI:2670972","HGNC:23399","renal/urinary system phenotype","Ovary","Abnormality of the genitourinary system","absent kidney","Yes","Yes","Yes"
"2362","MGI:95388","HGNC:3341","renal/urinary system phenotype","Bladder","Abnormality of the genitourinary system","small kidney","Yes","Yes","Yes"
"2363","MGI:95388","HGNC:3341","renal/urinary system phenotype","Ovary","Abnormality of the genitourinary system","small kidney","Yes","Yes","Yes"
"2364","MGI:95388","HGNC:3341","renal/urinary system phenotype","Vagina","Abnormality of the genitourinary system","small kidney","Yes","Yes","Yes"
"2365","MGI:2143311","HGNC:969","renal/urinary system phenotype","Vagina","Abnormality of the genitourinary system","kidney cysts","Yes","Yes","Yes"
"2366","MGI:2385368","HGNC:19185","renal/urinary system phenotype","Vagina","Abnormality of the genitourinary system","kidney cysts","Yes","Yes","Yes"
"2367","MGI:2143311","HGNC:969","renal/urinary system phenotype","Cervix - Ectocervix","Abnormality of the genitourinary system","kidney cysts","Yes","Yes","Yes"
"2368","MGI:2385368","HGNC:19185","renal/urinary system phenotype","Fallopian Tube","Abnormality of the genitourinary system","kidney cysts","Yes","Yes","Yes"
"2369","MGI:2385368","HGNC:19185","renal/urinary system phenotype","Prostate","Abnormality of the genitourinary system","kidney cysts","Yes","Yes","Yes"
"2370","MGI:2385368","HGNC:19185","renal/urinary system phenotype","Cervix - Endocervix","Abnormality of the genitourinary system","kidney cysts","Yes","Yes","Yes"
"2371","MGI:2143311","HGNC:969","renal/urinary system phenotype","Kidney - Cortex","Abnormality of the genitourinary system","kidney cysts","Yes","Yes","Yes"
"2372","MGI:2143311","HGNC:969","renal/urinary system phenotype","Cervix - Endocervix","Abnormality of the genitourinary system","kidney cysts","Yes","Yes","Yes"
"2373","MGI:2143311","HGNC:969","renal/urinary system phenotype","Uterus","Abnormality of the genitourinary system","kidney cysts","Yes","Yes","Yes"
"2374","MGI:96435","HGNC:5467","renal/urinary system phenotype","Cervix - Ectocervix","Abnormality of the genitourinary system","enlarged kidney","Yes","Yes","Yes"
"2375","MGI:98715","HGNC:20606","renal/urinary system phenotype","Ovary","Abnormality of the genitourinary system","enlarged kidney","Yes","Yes","Yes"
"2376","MGI:98715","HGNC:20606","renal/urinary system phenotype","Cervix - Ectocervix","Abnormality of the genitourinary system","enlarged kidney","Yes","Yes","Yes"
"2377","MGI:2442184","HGNC:27310","renal/urinary system phenotype","Ovary","Abnormality of the genitourinary system","kidney cysts","Yes","Yes","Yes"
"2378","MGI:1921303","HGNC:18708","renal/urinary system phenotype","Kidney - Cortex","Abnormality of the genitourinary system","kidney cysts","Yes","Yes","Yes"
"2379","MGI:1921303","HGNC:18708","renal/urinary system phenotype","Vagina","Abnormality of the genitourinary system","kidney cysts","Yes","Yes","Yes"
"2380","MGI:1921303","HGNC:18708","renal/urinary system phenotype","Cervix - Endocervix","Abnormality of the genitourinary system","kidney cysts","Yes","Yes","No"
"2381","MGI:1921303","HGNC:18708","renal/urinary system phenotype","Ovary","Abnormality of the genitourinary system","kidney cysts","Yes","Yes","Yes"
"2382","MGI:1921303","HGNC:18708","renal/urinary system phenotype","Fallopian Tube","Abnormality of the genitourinary system","kidney cysts","Yes","Yes","Yes"
"2383","MGI:1921303","HGNC:18708","renal/urinary system phenotype","Bladder","Abnormality of the genitourinary system","kidney cysts","Yes","Yes","Yes"
"2384","MGI:1921303","HGNC:18708","renal/urinary system phenotype","Testis","Abnormality of the genitourinary system","kidney cysts","Yes","Yes","Yes"
"2385","MGI:98715","HGNC:20606","renal/urinary system phenotype","Ovary","Abnormality of the genitourinary system","polycystic kidney","Yes","Yes","Yes"
"2386","MGI:98715","HGNC:20606","renal/urinary system phenotype","Prostate","Abnormality of the genitourinary system","polycystic kidney","Yes","Yes","Yes"
"2387","MGI:1921303","HGNC:18708","renal/urinary system phenotype","Uterus","Abnormality of the genitourinary system","kidney cysts","Yes","Yes","Yes"
"2388","MGI:1921303","HGNC:18708","renal/urinary system phenotype","Kidney - Cortex","Abnormality of the genitourinary system","polycystic kidney","Yes","Yes","Yes"
"2389","MGI:1921303","HGNC:18708","renal/urinary system phenotype","Vagina","Abnormality of the genitourinary system","polycystic kidney","Yes","Yes","Yes"
"2390","MGI:2385368","HGNC:19185","renal/urinary system phenotype","Cervix - Endocervix","Abnormality of the genitourinary system","absent kidney","Yes","Yes","Yes"
"2391","MGI:1921303","HGNC:18708","renal/urinary system phenotype","Ovary","Abnormality of the genitourinary system","polycystic kidney","Yes","Yes","Yes"
"2392","MGI:1921303","HGNC:18708","renal/urinary system phenotype","Fallopian Tube","Abnormality of the genitourinary system","polycystic kidney","Yes","Yes","Yes"
"2393","MGI:1921303","HGNC:18708","renal/urinary system phenotype","Bladder","Abnormality of the genitourinary system","polycystic kidney","Yes","Yes","Yes"
"2394","MGI:2385368","HGNC:19185","renal/urinary system phenotype","Bladder","Abnormality of the genitourinary system","absent kidney","Yes","Yes","No"
"2395","MGI:2385368","HGNC:19185","renal/urinary system phenotype","Cervix - Ectocervix","Abnormality of the genitourinary system","single kidney","Yes","Yes","Yes"
"2396","MGI:2670972","HGNC:23399","renal/urinary system phenotype","Cervix - Endocervix","Abnormality of the genitourinary system","abnormal kidney morphology","Yes","Yes","Yes"
"2397","MGI:1921303","HGNC:18708","renal/urinary system phenotype","Uterus","Abnormality of the genitourinary system","polycystic kidney","Yes","Yes","Yes"
"2398","MGI:1921303","HGNC:18708","renal/urinary system phenotype","Kidney - Cortex","Abnormality of the genitourinary system","single kidney","Yes","Yes","Yes"
"2399","MGI:1921303","HGNC:18708","renal/urinary system phenotype","Vagina","Abnormality of the genitourinary system","single kidney","Yes","Yes","Yes"
"2400","MGI:1921303","HGNC:18708","renal/urinary system phenotype","Cervix - Endocervix","Abnormality of the genitourinary system","single kidney","Yes","Yes","No"
"2401","MGI:2385368","HGNC:19185","renal/urinary system phenotype","Kidney - Cortex","Abnormality of the genitourinary system","single kidney","Yes","Yes","Yes"
"2402","MGI:2385368","HGNC:19185","renal/urinary system phenotype","Testis","Abnormality of the genitourinary system","single kidney","Yes","Yes","Yes"
"2403","MGI:2670972","HGNC:23399","renal/urinary system phenotype","Fallopian Tube","Abnormality of the genitourinary system","absent kidney","Yes","Yes","Yes"
"2404","MGI:1921303","HGNC:18708","renal/urinary system phenotype","Testis","Abnormality of the genitourinary system","single kidney","Yes","Yes","Yes"
"2405","MGI:2385368","HGNC:19185","renal/urinary system phenotype","Cervix - Ectocervix","Abnormality of the genitourinary system","kidney cysts","Yes","Yes","Yes"
"2406","MGI:2670972","HGNC:23399","renal/urinary system phenotype","Testis","Abnormality of the genitourinary system","absent kidney","Yes","Yes","Yes"
"2407","MGI:2385368","HGNC:19185","renal/urinary system phenotype","Ovary","Abnormality of the genitourinary system","kidney cysts","Yes","Yes","No"
"2408","MGI:2385368","HGNC:19185","renal/urinary system phenotype","Fallopian Tube","Abnormality of the genitourinary system","small kidney","Yes","Yes","Yes"
"2409","MGI:2442184","HGNC:27310","renal/urinary system phenotype","Testis","Abnormality of the genitourinary system","kidney cysts","Yes","Yes","Yes"
"2410","MGI:2670972","HGNC:23399","renal/urinary system phenotype","Bladder","Abnormality of the genitourinary system","abnormal kidney morphology","Yes","Yes","Yes"
"2411","MGI:2385368","HGNC:19185","renal/urinary system phenotype","Kidney - Cortex","Abnormality of the genitourinary system","kidney cysts","Yes","Yes","Yes"
"2412","MGI:2385368","HGNC:19185","renal/urinary system phenotype","Testis","Abnormality of the genitourinary system","kidney cysts","Yes","Yes","Yes"
"2413","MGI:2385368","HGNC:19185","renal/urinary system phenotype","Uterus","Abnormality of the genitourinary system","kidney cysts","Yes","Yes","No"
"2414","MGI:2385368","HGNC:19185","renal/urinary system phenotype","Bladder","Abnormality of the genitourinary system","kidney cysts","Yes","Yes","No"
"2415","MGI:2385368","HGNC:19185","renal/urinary system phenotype","Cervix - Ectocervix","Abnormality of the genitourinary system","abnormal metanephros morphology","Yes","Yes","Yes"
"2416","MGI:2385368","HGNC:19185","renal/urinary system phenotype","Vagina","Abnormality of the genitourinary system","abnormal metanephros morphology","Yes","Yes","Yes"
"2417","MGI:2385368","HGNC:19185","renal/urinary system phenotype","Ovary","Abnormality of the genitourinary system","abnormal metanephros morphology","Yes","Yes","No"
"2418","MGI:2385368","HGNC:19185","renal/urinary system phenotype","Fallopian Tube","Abnormality of the genitourinary system","abnormal metanephros morphology","Yes","Yes","Yes"
"2419","MGI:98715","HGNC:20606","renal/urinary system phenotype","Fallopian Tube","Abnormality of the genitourinary system","enlarged kidney","Yes","Yes","Yes"
"2420","MGI:2442184","HGNC:27310","renal/urinary system phenotype","Kidney - Cortex","Abnormality of the genitourinary system","kidney cysts","Yes","Yes","Yes"
"2421","MGI:2442184","HGNC:27310","renal/urinary system phenotype","Uterus","Abnormality of the genitourinary system","kidney cysts","Yes","Yes","Yes"
"2422","MGI:2670972","HGNC:23399","renal/urinary system phenotype","Uterus","Abnormality of the genitourinary system","absent kidney","Yes","Yes","Yes"
"2423","MGI:2385368","HGNC:19185","renal/urinary system phenotype","Uterus","Abnormality of the genitourinary system","abnormal metanephros morphology","Yes","Yes","No"
"2424","MGI:2385368","HGNC:19185","renal/urinary system phenotype","Bladder","Abnormality of the genitourinary system","abnormal metanephros morphology","Yes","Yes","No"
"2425","MGI:2385368","HGNC:19185","renal/urinary system phenotype","Cervix - Ectocervix","Abnormality of the genitourinary system","absent kidney","Yes","Yes","Yes"
"2426","MGI:2385368","HGNC:19185","renal/urinary system phenotype","Vagina","Abnormality of the genitourinary system","absent kidney","Yes","Yes","Yes"
"2427","MGI:2385368","HGNC:19185","renal/urinary system phenotype","Ovary","Abnormality of the genitourinary system","absent kidney","Yes","Yes","No"
"2428","MGI:2385368","HGNC:19185","renal/urinary system phenotype","Fallopian Tube","Abnormality of the genitourinary system","absent kidney","Yes","Yes","Yes"
"2429","MGI:2385368","HGNC:19185","renal/urinary system phenotype","Prostate","Abnormality of the genitourinary system","absent kidney","Yes","Yes","Yes"
"2430","MGI:98715","HGNC:20606","renal/urinary system phenotype","Testis","Abnormality of the genitourinary system","polycystic kidney","Yes","Yes","Yes"
"2431","MGI:2385368","HGNC:19185","renal/urinary system phenotype","Kidney - Cortex","Abnormality of the genitourinary system","absent kidney","Yes","Yes","Yes"
"2432","MGI:2385368","HGNC:19185","renal/urinary system phenotype","Testis","Abnormality of the genitourinary system","absent kidney","Yes","Yes","Yes"
"2433","MGI:2385368","HGNC:19185","renal/urinary system phenotype","Uterus","Abnormality of the genitourinary system","absent kidney","Yes","Yes","No"
"2434","MGI:2385368","HGNC:19185","renal/urinary system phenotype","Ovary","Abnormality of the genitourinary system","small kidney","Yes","Yes","No"
"2435","MGI:98715","HGNC:20606","renal/urinary system phenotype","Vagina","Abnormality of the genitourinary system","enlarged kidney","Yes","Yes","Yes"
"2436","MGI:98715","HGNC:20606","renal/urinary system phenotype","Uterus","Abnormality of the genitourinary system","enlarged kidney","Yes","Yes","Yes"
"2437","MGI:2385368","HGNC:19185","renal/urinary system phenotype","Ovary","Abnormality of the genitourinary system","single kidney","Yes","Yes","No"
"2438","MGI:2385368","HGNC:19185","renal/urinary system phenotype","Fallopian Tube","Abnormality of the genitourinary system","single kidney","Yes","Yes","Yes"
"2439","MGI:2385368","HGNC:19185","renal/urinary system phenotype","Prostate","Abnormality of the genitourinary system","single kidney","Yes","Yes","Yes"
"2440","MGI:2385368","HGNC:19185","renal/urinary system phenotype","Cervix - Endocervix","Abnormality of the genitourinary system","single kidney","Yes","Yes","Yes"
"2441","MGI:2670972","HGNC:23399","renal/urinary system phenotype","Kidney - Cortex","Abnormality of the genitourinary system","absent kidney","Yes","Yes","Yes"
"2442","MGI:2442184","HGNC:27310","renal/urinary system phenotype","Fallopian Tube","Abnormality of the genitourinary system","kidney cysts","Yes","Yes","Yes"
"2443","MGI:2385368","HGNC:19185","renal/urinary system phenotype","Uterus","Abnormality of the genitourinary system","single kidney","Yes","Yes","No"
"2444","MGI:2385368","HGNC:19185","renal/urinary system phenotype","Bladder","Abnormality of the genitourinary system","single kidney","Yes","Yes","No"
"2445","MGI:2385368","HGNC:19185","renal/urinary system phenotype","Cervix - Ectocervix","Abnormality of the genitourinary system","small kidney","Yes","Yes","Yes"
"2446","MGI:98715","HGNC:20606","renal/urinary system phenotype","Uterus","Abnormality of the genitourinary system","polycystic kidney","Yes","Yes","Yes"
"2447","MGI:98715","HGNC:20606","renal/urinary system phenotype","Testis","Abnormality of the genitourinary system","enlarged kidney","Yes","Yes","Yes"
"2448","MGI:2670972","HGNC:23399","renal/urinary system phenotype","Cervix - Ectocervix","Abnormality of the genitourinary system","absent kidney","Yes","Yes","Yes"
"2449","MGI:2444465","HGNC:25396","renal/urinary system phenotype","Fallopian Tube","Abnormality of the genitourinary system","absent kidney","Yes","Yes","No"
"2450","MGI:2442184","HGNC:27310","renal/urinary system phenotype","Cervix - Endocervix","Abnormality of the genitourinary system","kidney cysts","Yes","Yes","Yes"
"2451","MGI:2385368","HGNC:19185","renal/urinary system phenotype","Kidney - Cortex","Abnormality of the genitourinary system","small kidney","Yes","Yes","Yes"
"2452","MGI:2385368","HGNC:19185","renal/urinary system phenotype","Testis","Abnormality of the genitourinary system","small kidney","Yes","Yes","Yes"
"2453","MGI:98715","HGNC:20606","renal/urinary system phenotype","Kidney - Cortex","Abnormality of the genitourinary system","polycystic kidney","Yes","Yes","Yes"
"2454","MGI:2385368","HGNC:19185","renal/urinary system phenotype","Bladder","Abnormality of the genitourinary system","small kidney","Yes","Yes","No"
"2455","MGI:98715","HGNC:20606","renal/urinary system phenotype","Cervix - Endocervix","Abnormality of the genitourinary system","enlarged kidney","Yes","Yes","Yes"
"2456","MGI:98715","HGNC:20606","renal/urinary system phenotype","Fallopian Tube","Abnormality of the genitourinary system","polycystic kidney","Yes","Yes","Yes"
"2457","MGI:98715","HGNC:20606","renal/urinary system phenotype","Kidney - Cortex","Abnormality of the genitourinary system","enlarged kidney","Yes","Yes","Yes"
"2458","MGI:98715","HGNC:20606","renal/urinary system phenotype","Vagina","Abnormality of the genitourinary system","polycystic kidney","Yes","Yes","Yes"
"2459","MGI:2670972","HGNC:23399","renal/urinary system phenotype","Vagina","Abnormality of the genitourinary system","absent kidney","Yes","Yes","Yes"
"2460","MGI:98715","HGNC:20606","renal/urinary system phenotype","Cervix - Endocervix","Abnormality of the genitourinary system","polycystic kidney","Yes","Yes","Yes"
"2461","MGI:98715","HGNC:20606","renal/urinary system phenotype","Bladder","Abnormality of the genitourinary system","polycystic kidney","Yes","Yes","Yes"
"2462","MGI:2670972","HGNC:23399","renal/urinary system phenotype","Cervix - Endocervix","Abnormality of the genitourinary system","absent kidney","Yes","Yes","Yes"
"2463","MGI:2444465","HGNC:25396","renal/urinary system phenotype","Ovary","Abnormality of the genitourinary system","absent kidney","Yes","Yes","No"
"2464","MGI:2670972","HGNC:23399","renal/urinary system phenotype","Bladder","Abnormality of the genitourinary system","absent kidney","Yes","Yes","Yes"
"2465","MGI:2670972","HGNC:23399","renal/urinary system phenotype","Kidney - Cortex","Abnormality of the genitourinary system","abnormal kidney morphology","Yes","Yes","Yes"
"2466","MGI:88064","HGNC:644","reproductive system phenotype","Kidney - Cortex","Abnormality of the genitourinary system","abnormal testis morphology","Yes","Yes","Yes"
"2467","MGI:1349421","HGNC:24669","reproductive system phenotype","Cervix - Endocervix","Abnormality of the genitourinary system","small ovary","Yes","Yes","No"
"2468","MGI:107430","HGNC:4232","reproductive system phenotype","Fallopian Tube","Abnormality of the genitourinary system","abnormal ovary topology","Yes","Yes","No"
"2469","MGI:88064","HGNC:644","reproductive system phenotype","Cervix - Ectocervix","Abnormality of the genitourinary system","abnormal testis morphology","Yes","Yes","Yes"
"2470","MGI:95583","HGNC:3969","reproductive system phenotype","Ovary","Abnormality of the genitourinary system","decreased testis weight","Yes","Yes","No"
"2471","MGI:88064","HGNC:644","reproductive system phenotype","Vagina","Abnormality of the genitourinary system","testicular atrophy","Yes","Yes","Yes"
"2472","MGI:87986","HGNC:391","reproductive system phenotype","Ovary","Abnormality of the genitourinary system","abnormal maternal decidual layer morphology","Yes","Yes","Yes"
"2473","MGI:88064","HGNC:644","reproductive system phenotype","Fallopian Tube","Abnormality of the genitourinary system","abnormal testis morphology","Yes","Yes","Yes"
"2474","MGI:88064","HGNC:644","reproductive system phenotype","Vagina","Abnormality of the genitourinary system","abnormal testis morphology","Yes","Yes","Yes"
"2475","MGI:88064","HGNC:644","reproductive system phenotype","Cervix - Endocervix","Abnormality of the genitourinary system","abnormal testis morphology","Yes","Yes","Yes"
"2476","MGI:108427","HGNC:6086","reproductive system phenotype","Cervix - Ectocervix","Abnormality of the genitourinary system","small testis","Yes","Yes","No"
"2477","MGI:88064","HGNC:644","reproductive system phenotype","Prostate","Abnormality of the genitourinary system","small testis","Yes","Yes","Yes"
"2478","MGI:1349421","HGNC:24669","reproductive system phenotype","Fallopian Tube","Abnormality of the genitourinary system","small ovary","Yes","Yes","No"
"2479","MGI:88064","HGNC:644","reproductive system phenotype","Cervix - Ectocervix","Abnormality of the genitourinary system","decreased testis weight","Yes","Yes","Yes"
"2480","MGI:95583","HGNC:3969","reproductive system phenotype","Bladder","Abnormality of the genitourinary system","decreased testis weight","Yes","No","No"
"2481","MGI:87986","HGNC:391","reproductive system phenotype","Vagina","Abnormality of the genitourinary system","abnormal testis morphology","Yes","Yes","Yes"
"2482","MGI:95583","HGNC:3969","reproductive system phenotype","Prostate","Abnormality of the genitourinary system","abnormal testis size","Yes","No","No"
"2483","MGI:95692","HGNC:4224","reproductive system phenotype","Ovary","Abnormality of the genitourinary system","small ovary","Yes","Yes","No"
"2484","MGI:88064","HGNC:644","reproductive system phenotype","Cervix - Ectocervix","Abnormality of the genitourinary system","testicular atrophy","Yes","Yes","Yes"
"2485","MGI:107430","HGNC:4232","reproductive system phenotype","Cervix - Ectocervix","Abnormality of the genitourinary system","abnormal ovary topology","Yes","Yes","No"
"2486","MGI:88064","HGNC:644","reproductive system phenotype","Fallopian Tube","Abnormality of the genitourinary system","small testis","Yes","Yes","Yes"
"2487","MGI:88064","HGNC:644","reproductive system phenotype","Ovary","Abnormality of the genitourinary system","decreased testis weight","Yes","Yes","Yes"
"2488","MGI:88064","HGNC:644","reproductive system phenotype","Uterus","Abnormality of the genitourinary system","increased testis tumor incidence","Yes","Yes","Yes"
"2489","MGI:88064","HGNC:644","reproductive system phenotype","Uterus","Abnormality of the genitourinary system","small testis","Yes","Yes","Yes"
"2490","MGI:108427","HGNC:6086","reproductive system phenotype","Bladder","Abnormality of the genitourinary system","small testis","Yes","Yes","No"
"2491","MGI:87986","HGNC:391","reproductive system phenotype","Prostate","Abnormality of the genitourinary system","abnormal maternal decidual layer morphology","Yes","Yes","Yes"
"2492","MGI:87986","HGNC:391","reproductive system phenotype","Cervix - Ectocervix","Abnormality of the genitourinary system","abnormal testis morphology","Yes","Yes","Yes"
"2493","MGI:87986","HGNC:391","reproductive system phenotype","Bladder","Abnormality of the genitourinary system","abnormal testis morphology","Yes","Yes","Yes"
"2494","MGI:1349421","HGNC:24669","reproductive system phenotype","Ovary","Abnormality of the genitourinary system","small ovary","Yes","Yes","No"
"2495","MGI:107430","HGNC:4232","reproductive system phenotype","Kidney - Cortex","Abnormality of the genitourinary system","abnormal ovary topology","Yes","Yes","No"
"2496","MGI:107430","HGNC:4232","reproductive system phenotype","Testis","Abnormality of the genitourinary system","abnormal ovary topology","Yes","Yes","No"
"2497","MGI:88064","HGNC:644","reproductive system phenotype","Bladder","Abnormality of the genitourinary system","small testis","Yes","Yes","Yes"
"2498","MGI:88064","HGNC:644","reproductive system phenotype","Fallopian Tube","Abnormality of the genitourinary system","decreased testis weight","Yes","Yes","Yes"
"2499","MGI:88064","HGNC:644","reproductive system phenotype","Cervix - Endocervix","Abnormality of the genitourinary system","decreased testis weight","Yes","Yes","Yes"
"2500","MGI:108427","HGNC:6086","reproductive system phenotype","Testis","Abnormality of the genitourinary system","small testis","Yes","Yes","Yes"
"2501","MGI:107430","HGNC:4232","reproductive system phenotype","Ovary","Abnormality of the genitourinary system","abnormal ovary topology","Yes","Yes","Yes"
"2502","MGI:88064","HGNC:644","reproductive system phenotype","Prostate","Abnormality of the genitourinary system","abnormal testis morphology","Yes","Yes","Yes"
"2503","MGI:95692","HGNC:4224","reproductive system phenotype","Cervix - Ectocervix","Abnormality of the genitourinary system","abnormal ovary morphology","Yes","Yes","No"
"2504","MGI:88064","HGNC:644","reproductive system phenotype","Ovary","Abnormality of the genitourinary system","abnormal testis morphology","Yes","Yes","Yes"
"2505","MGI:95692","HGNC:4224","reproductive system phenotype","Cervix - Endocervix","Abnormality of the genitourinary system","abnormal ovary morphology","Yes","Yes","No"
"2506","MGI:95692","HGNC:4224","reproductive system phenotype","Testis","Abnormality of the genitourinary system","abnormal ovary morphology","Yes","Yes","Yes"
"2507","MGI:107430","HGNC:4232","reproductive system phenotype","Prostate","Abnormality of the genitourinary system","abnormal ovary topology","Yes","Yes","Yes"
"2508","MGI:88064","HGNC:644","reproductive system phenotype","Vagina","Abnormality of the genitourinary system","small testis","Yes","Yes","Yes"
"2509","MGI:108427","HGNC:6086","reproductive system phenotype","Kidney - Cortex","Abnormality of the genitourinary system","small testis","Yes","Yes","No"
"2510","MGI:88064","HGNC:644","reproductive system phenotype","Testis","Abnormality of the genitourinary system","small testis","Yes","Yes","Yes"
"2511","MGI:88064","HGNC:644","reproductive system phenotype","Kidney - Cortex","Abnormality of the genitourinary system","small testis","Yes","Yes","Yes"
"2512","MGI:95583","HGNC:3969","reproductive system phenotype","Cervix - Endocervix","Abnormality of the genitourinary system","decreased testis weight","Yes","No","No"
"2513","MGI:95583","HGNC:3969","reproductive system phenotype","Prostate","Abnormality of the genitourinary system","decreased testis weight","Yes","No","No"
"2514","MGI:1349421","HGNC:24669","reproductive system phenotype","Vagina","Abnormality of the genitourinary system","small ovary","Yes","Yes","No"
"2515","MGI:88064","HGNC:644","reproductive system phenotype","Kidney - Cortex","Abnormality of the genitourinary system","decreased testis weight","Yes","Yes","Yes"
"2516","MGI:95583","HGNC:3969","reproductive system phenotype","Fallopian Tube","Abnormality of the genitourinary system","decreased testis weight","Yes","No","No"
"2517","MGI:87986","HGNC:391","reproductive system phenotype","Fallopian Tube","Abnormality of the genitourinary system","abnormal maternal decidual layer morphology","Yes","Yes","Yes"
"2518","MGI:2176159","HGNC:20581","reproductive system phenotype","Cervix - Endocervix","Abnormality of the genitourinary system","small testis","Yes","Yes","Yes"
"2519","MGI:2176159","HGNC:20581","reproductive system phenotype","Prostate","Abnormality of the genitourinary system","small testis","Yes","Yes","Yes"
"2520","MGI:95692","HGNC:4224","reproductive system phenotype","Uterus","Abnormality of the genitourinary system","small ovary","Yes","Yes","No"
"2521","MGI:107430","HGNC:4232","reproductive system phenotype","Cervix - Endocervix","Abnormality of the genitourinary system","abnormal ovary topology","Yes","Yes","Yes"
"2522","MGI:88064","HGNC:644","reproductive system phenotype","Uterus","Abnormality of the genitourinary system","decreased testis weight","Yes","Yes","Yes"
"2523","MGI:88064","HGNC:644","reproductive system phenotype","Bladder","Abnormality of the genitourinary system","decreased testis weight","Yes","Yes","Yes"
"2524","MGI:1349421","HGNC:24669","reproductive system phenotype","Cervix - Ectocervix","Abnormality of the genitourinary system","small ovary","Yes","Yes","No"
"2525","MGI:88064","HGNC:644","reproductive system phenotype","Vagina","Abnormality of the genitourinary system","decreased testis weight","Yes","Yes","Yes"
"2526","MGI:1349421","HGNC:24669","reproductive system phenotype","Prostate","Abnormality of the genitourinary system","small ovary","Yes","Yes","No"
"2527","MGI:87986","HGNC:391","reproductive system phenotype","Uterus","Abnormality of the genitourinary system","abnormal testis morphology","Yes","Yes","Yes"
"2528","MGI:88064","HGNC:644","reproductive system phenotype","Cervix - Endocervix","Abnormality of the genitourinary system","small testis","Yes","Yes","Yes"
"2529","MGI:88064","HGNC:644","reproductive system phenotype","Testis","Abnormality of the genitourinary system","increased testis tumor incidence","Yes","Yes","Yes"
"2530","MGI:88064","HGNC:644","reproductive system phenotype","Bladder","Abnormality of the genitourinary system","increased testis tumor incidence","Yes","Yes","Yes"
"2531","MGI:88064","HGNC:644","reproductive system phenotype","Prostate","Abnormality of the genitourinary system","increased testis tumor incidence","Yes","Yes","Yes"
"2532","MGI:88064","HGNC:644","reproductive system phenotype","Ovary","Abnormality of the genitourinary system","increased testis tumor incidence","Yes","Yes","Yes"
"2533","MGI:87986","HGNC:391","reproductive system phenotype","Kidney - Cortex","Abnormality of the genitourinary system","abnormal testis morphology","Yes","Yes","Yes"
"2534","MGI:88064","HGNC:644","reproductive system phenotype","Ovary","Abnormality of the genitourinary system","small testis","Yes","Yes","Yes"
"2535","MGI:108427","HGNC:6086","reproductive system phenotype","Uterus","Abnormality of the genitourinary system","small testis","Yes","Yes","No"
"2536","MGI:88064","HGNC:644","reproductive system phenotype","Testis","Abnormality of the genitourinary system","decreased testis weight","Yes","Yes","Yes"
"2537","MGI:108427","HGNC:6086","reproductive system phenotype","Cervix - Endocervix","Abnormality of the genitourinary system","small testis","Yes","Yes","No"
"2538","MGI:87986","HGNC:391","reproductive system phenotype","Testis","Abnormality of the genitourinary system","abnormal testis morphology","Yes","Yes","Yes"
"2539","MGI:88064","HGNC:644","reproductive system phenotype","Cervix - Ectocervix","Abnormality of the genitourinary system","small testis","Yes","Yes","Yes"
"2540","MGI:88064","HGNC:644","reproductive system phenotype","Bladder","Abnormality of the genitourinary system","testicular atrophy","Yes","Yes","Yes"
"2541","MGI:88064","HGNC:644","reproductive system phenotype","Prostate","Abnormality of the genitourinary system","testicular atrophy","Yes","Yes","Yes"
"2542","MGI:88064","HGNC:644","reproductive system phenotype","Ovary","Abnormality of the genitourinary system","testicular atrophy","Yes","Yes","Yes"
"2543","MGI:95583","HGNC:3969","reproductive system phenotype","Cervix - Ectocervix","Abnormality of the genitourinary system","abnormal testes secretion","Yes","No","No"
"2544","MGI:95583","HGNC:3969","reproductive system phenotype","Cervix - Endocervix","Abnormality of the genitourinary system","abnormal testis size","Yes","No","No"
"2545","MGI:95583","HGNC:3969","reproductive system phenotype","Testis","Abnormality of the genitourinary system","decreased testis weight","Yes","Yes","Yes"
"2546","MGI:88064","HGNC:644","reproductive system phenotype","Fallopian Tube","Abnormality of the genitourinary system","testicular atrophy","Yes","Yes","Yes"
"2547","MGI:88064","HGNC:644","reproductive system phenotype","Kidney - Cortex","Abnormality of the genitourinary system","testicular atrophy","Yes","Yes","Yes"
"2548","MGI:95583","HGNC:3969","reproductive system phenotype","Kidney - Cortex","Abnormality of the genitourinary system","abnormal testis size","Yes","No","No"
"2549","MGI:87986","HGNC:391","reproductive system phenotype","Kidney - Cortex","Abnormality of the genitourinary system","abnormal maternal decidual layer morphology","Yes","Yes","Yes"
"2550","MGI:88064","HGNC:644","reproductive system phenotype","Cervix - Endocervix","Abnormality of the genitourinary system","increased testis tumor incidence","Yes","Yes","Yes"
"2551","MGI:107430","HGNC:4232","reproductive system phenotype","Vagina","Abnormality of the genitourinary system","abnormal ovary topology","Yes","Yes","Yes"
"2552","MGI:88064","HGNC:644","reproductive system phenotype","Prostate","Abnormality of the genitourinary system","decreased testis weight","Yes","Yes","Yes"
"2553","MGI:2176159","HGNC:20581","reproductive system phenotype","Cervix - Ectocervix","Abnormality of the genitourinary system","small testis","Yes","Yes","Yes"
"2554","MGI:2176159","HGNC:20581","reproductive system phenotype","Bladder","Abnormality of the genitourinary system","small testis","Yes","Yes","Yes"
"2555","MGI:2176159","HGNC:20581","reproductive system phenotype","Kidney - Cortex","Abnormality of the genitourinary system","small testis","Yes","Yes","Yes"
"2556","MGI:108427","HGNC:6086","reproductive system phenotype","Fallopian Tube","Abnormality of the genitourinary system","small testis","Yes","Yes","No"
"2557","MGI:95583","HGNC:3969","reproductive system phenotype","Kidney - Cortex","Abnormality of the genitourinary system","decreased testis weight","Yes","No","No"
"2558","MGI:87986","HGNC:391","reproductive system phenotype","Prostate","Abnormality of the genitourinary system","abnormal testis morphology","Yes","Yes","Yes"
"2559","MGI:87986","HGNC:391","reproductive system phenotype","Bladder","Abnormality of the genitourinary system","abnormal maternal decidual layer morphology","Yes","Yes","Yes"
"2560","MGI:95692","HGNC:4224","reproductive system phenotype","Bladder","Abnormality of the genitourinary system","small ovary","Yes","Yes","Yes"
"2561","MGI:108427","HGNC:6086","reproductive system phenotype","Vagina","Abnormality of the genitourinary system","small testis","Yes","Yes","No"
"2562","MGI:107430","HGNC:4232","reproductive system phenotype","Bladder","Abnormality of the genitourinary system","abnormal ovary topology","Yes","Yes","Yes"
"2563","MGI:107430","HGNC:4232","reproductive system phenotype","Uterus","Abnormality of the genitourinary system","abnormal ovary topology","Yes","Yes","No"
"2564","MGI:87986","HGNC:391","reproductive system phenotype","Vagina","Abnormality of the genitourinary system","abnormal maternal decidual layer morphology","Yes","Yes","Yes"
"2565","MGI:95583","HGNC:3969","reproductive system phenotype","Prostate","Abnormality of the genitourinary system","small testis","Yes","No","No"
"2566","MGI:87986","HGNC:391","reproductive system phenotype","Cervix - Endocervix","Abnormality of the genitourinary system","abnormal testis morphology","Yes","Yes","Yes"
"2567","MGI:95583","HGNC:3969","reproductive system phenotype","Kidney - Cortex","Abnormality of the genitourinary system","small testis","Yes","No","No"
"2568","MGI:108427","HGNC:6086","reproductive system phenotype","Prostate","Abnormality of the genitourinary system","small testis","Yes","Yes","No"
"2569","MGI:95583","HGNC:3969","reproductive system phenotype","Fallopian Tube","Abnormality of the genitourinary system","small testis","Yes","No","No"
"2570","MGI:95583","HGNC:3969","reproductive system phenotype","Ovary","Abnormality of the genitourinary system","small testis","Yes","Yes","No"
"2571","MGI:95692","HGNC:4224","reproductive system phenotype","Prostate","Abnormality of the genitourinary system","abnormal ovary morphology","Yes","Yes","No"
"2572","MGI:87986","HGNC:391","reproductive system phenotype","Ovary","Abnormality of the genitourinary system","abnormal testis morphology","Yes","Yes","Yes"
"2573","MGI:88064","HGNC:644","reproductive system phenotype","Vagina","Abnormality of the genitourinary system","increased testis tumor incidence","Yes","Yes","Yes"
"2574","MGI:88064","HGNC:644","reproductive system phenotype","Fallopian Tube","Abnormality of the genitourinary system","increased testis tumor incidence","Yes","Yes","Yes"
"2575","MGI:87986","HGNC:391","reproductive system phenotype","Cervix - Ectocervix","Abnormality of the genitourinary system","abnormal maternal decidual layer morphology","Yes","Yes","Yes"
"2576","MGI:95583","HGNC:3969","reproductive system phenotype","Cervix - Ectocervix","Abnormality of the genitourinary system","decreased testis weight","Yes","No","No"
"2577","MGI:88064","HGNC:644","reproductive system phenotype","Cervix - Ectocervix","Abnormality of the genitourinary system","increased testis tumor incidence","Yes","Yes","Yes"
"2578","MGI:88064","HGNC:644","reproductive system phenotype","Testis","Abnormality of the genitourinary system","testicular atrophy","Yes","Yes","Yes"
"2579","MGI:95583","HGNC:3969","reproductive system phenotype","Ovary","Abnormality of the genitourinary system","abnormal testes secretion","Yes","Yes","No"
"2580","MGI:88064","HGNC:644","reproductive system phenotype","Uterus","Abnormality of the genitourinary system","abnormal testis morphology","Yes","Yes","Yes"
"2581","MGI:88064","HGNC:644","reproductive system phenotype","Testis","Abnormality of the genitourinary system","abnormal testis morphology","Yes","Yes","Yes"
"2582","MGI:88064","HGNC:644","reproductive system phenotype","Bladder","Abnormality of the genitourinary system","abnormal testis morphology","Yes","Yes","Yes"
"2583","MGI:95692","HGNC:4224","reproductive system phenotype","Vagina","Abnormality of the genitourinary system","abnormal ovary morphology","Yes","Yes","No"
"2584","MGI:87986","HGNC:391","reproductive system phenotype","Uterus","Abnormality of the genitourinary system","abnormal maternal decidual layer morphology","Yes","Yes","Yes"
"2585","MGI:2176159","HGNC:20581","reproductive system phenotype","Ovary","Abnormality of the genitourinary system","small testis","Yes","Yes","Yes"
"2586","MGI:2176159","HGNC:20581","reproductive system phenotype","Vagina","Abnormality of the genitourinary system","small testis","Yes","Yes","Yes"
"2587","MGI:95692","HGNC:4224","reproductive system phenotype","Fallopian Tube","Abnormality of the genitourinary system","small ovary","Yes","Yes","No"
"2588","MGI:95692","HGNC:4224","reproductive system phenotype","Kidney - Cortex","Abnormality of the genitourinary system","abnormal ovary morphology","Yes","Yes","No"
"2589","MGI:88064","HGNC:644","reproductive system phenotype","Cervix - Endocervix","Abnormality of the genitourinary system","testicular atrophy","Yes","Yes","Yes"
"2590","MGI:1349421","HGNC:24669","reproductive system phenotype","Kidney - Cortex","Abnormality of the genitourinary system","small ovary","Yes","No","No"
"2591","MGI:1349421","HGNC:24669","reproductive system phenotype","Uterus","Abnormality of the genitourinary system","small ovary","Yes","Yes","No"
"2592","MGI:2176159","HGNC:20581","reproductive system phenotype","Testis","Abnormality of the genitourinary system","small testis","Yes","Yes","Yes"
"2593","MGI:95583","HGNC:3969","reproductive system phenotype","Uterus","Abnormality of the genitourinary system","abnormal testis size","Yes","No","No"
"2594","MGI:95583","HGNC:3969","reproductive system phenotype","Cervix - Ectocervix","Abnormality of the genitourinary system","abnormal testis size","Yes","No","No"
"2595","MGI:1349421","HGNC:24669","reproductive system phenotype","Bladder","Abnormality of the genitourinary system","small ovary","Yes","No","No"
"2596","MGI:95583","HGNC:3969","reproductive system phenotype","Vagina","Abnormality of the genitourinary system","decreased testis weight","Yes","No","No"
"2597","MGI:87986","HGNC:391","reproductive system phenotype","Fallopian Tube","Abnormality of the genitourinary system","abnormal testis morphology","Yes","Yes","Yes"
"2598","MGI:95583","HGNC:3969","reproductive system phenotype","Bladder","Abnormality of the genitourinary system","small testis","Yes","No","No"
"2599","MGI:95583","HGNC:3969","reproductive system phenotype","Uterus","Abnormality of the genitourinary system","small testis","Yes","No","No"
"2600","MGI:95583","HGNC:3969","reproductive system phenotype","Cervix - Ectocervix","Abnormality of the genitourinary system","small testis","Yes","No","No"
"2601","MGI:2176159","HGNC:20581","reproductive system phenotype","Uterus","Abnormality of the genitourinary system","small testis","Yes","Yes","Yes"
"2602","MGI:95583","HGNC:3969","reproductive system phenotype","Uterus","Abnormality of the genitourinary system","decreased testis weight","Yes","No","No"
"2603","MGI:108427","HGNC:6086","reproductive system phenotype","Ovary","Abnormality of the genitourinary system","small testis","Yes","Yes","Yes"
"2604","MGI:95583","HGNC:3969","reproductive system phenotype","Cervix - Endocervix","Abnormality of the genitourinary system","small testis","Yes","No","No"
"2605","MGI:95692","HGNC:4224","reproductive system phenotype","Cervix - Endocervix","Abnormality of the genitourinary system","small ovary","Yes","Yes","No"
"2606","MGI:95583","HGNC:3969","reproductive system phenotype","Vagina","Abnormality of the genitourinary system","small testis","Yes","No","No"
"2607","MGI:95692","HGNC:4224","reproductive system phenotype","Kidney - Cortex","Abnormality of the genitourinary system","small ovary","Yes","Yes","No"
"2608","MGI:95583","HGNC:3969","reproductive system phenotype","Bladder","Abnormality of the genitourinary system","abnormal testes secretion","Yes","No","No"
"2609","MGI:95583","HGNC:3969","reproductive system phenotype","Testis","Abnormality of the genitourinary system","small testis","Yes","Yes","Yes"
"2610","MGI:87986","HGNC:391","reproductive system phenotype","Cervix - Endocervix","Abnormality of the genitourinary system","abnormal maternal decidual layer morphology","Yes","Yes","Yes"
"2611","MGI:2176159","HGNC:20581","reproductive system phenotype","Fallopian Tube","Abnormality of the genitourinary system","small testis","Yes","Yes","Yes"
"2612","MGI:95692","HGNC:4224","reproductive system phenotype","Testis","Abnormality of the genitourinary system","ovary cysts","Yes","Yes","Yes"
"2613","MGI:95692","HGNC:4224","reproductive system phenotype","Kidney - Cortex","Abnormality of the genitourinary system","ovary cysts","Yes","Yes","No"
"2614","MGI:95583","HGNC:3969","reproductive system phenotype","Cervix - Endocervix","Abnormality of the genitourinary system","abnormal testes secretion","Yes","No","No"
"2615","MGI:95583","HGNC:3969","reproductive system phenotype","Prostate","Abnormality of the genitourinary system","abnormal testes secretion","Yes","No","No"
"2616","MGI:88064","HGNC:644","reproductive system phenotype","Kidney - Cortex","Abnormality of the genitourinary system","increased testis tumor incidence","Yes","Yes","Yes"
"2617","MGI:95583","HGNC:3969","reproductive system phenotype","Vagina","Abnormality of the genitourinary system","abnormal testes secretion","Yes","No","No"
"2618","MGI:88064","HGNC:644","reproductive system phenotype","Uterus","Abnormality of the genitourinary system","testicular atrophy","Yes","Yes","Yes"
"2619","MGI:95583","HGNC:3969","reproductive system phenotype","Fallopian Tube","Abnormality of the genitourinary system","abnormal testes secretion","Yes","No","No"
"2620","MGI:95692","HGNC:4224","reproductive system phenotype","Bladder","Abnormality of the genitourinary system","abnormal ovary morphology","Yes","Yes","Yes"
"2621","MGI:95692","HGNC:4224","reproductive system phenotype","Prostate","Abnormality of the genitourinary system","ovary cysts","Yes","Yes","No"
"2622","MGI:95583","HGNC:3969","reproductive system phenotype","Uterus","Abnormality of the genitourinary system","abnormal testes secretion","Yes","No","No"
"2623","MGI:95692","HGNC:4224","reproductive system phenotype","Ovary","Abnormality of the genitourinary system","abnormal ovary morphology","Yes","Yes","No"
"2624","MGI:95692","HGNC:4224","reproductive system phenotype","Cervix - Endocervix","Abnormality of the genitourinary system","ovary cysts","Yes","Yes","No"
"2625","MGI:87986","HGNC:391","reproductive system phenotype","Testis","Abnormality of the genitourinary system","abnormal maternal decidual layer morphology","Yes","Yes","Yes"
"2626","MGI:95692","HGNC:4224","reproductive system phenotype","Bladder","Abnormality of the genitourinary system","ovary cysts","Yes","Yes","Yes"
"2627","MGI:95692","HGNC:4224","reproductive system phenotype","Uterus","Abnormality of the genitourinary system","ovary cysts","Yes","Yes","No"
"2628","MGI:95583","HGNC:3969","reproductive system phenotype","Vagina","Abnormality of the genitourinary system","abnormal testis size","Yes","No","No"
"2629","MGI:95692","HGNC:4224","reproductive system phenotype","Fallopian Tube","Abnormality of the genitourinary system","ovary cysts","Yes","Yes","No"
"2630","MGI:95583","HGNC:3969","reproductive system phenotype","Bladder","Abnormality of the genitourinary system","abnormal testis size","Yes","No","No"
"2631","MGI:95692","HGNC:4224","reproductive system phenotype","Cervix - Ectocervix","Abnormality of the genitourinary system","ovary cysts","Yes","Yes","No"
"2632","MGI:1349421","HGNC:24669","reproductive system phenotype","Testis","Abnormality of the genitourinary system","small ovary","Yes","Yes","No"
"2633","MGI:95692","HGNC:4224","reproductive system phenotype","Vagina","Abnormality of the genitourinary system","ovary cysts","Yes","Yes","No"
"2634","MGI:95692","HGNC:4224","reproductive system phenotype","Testis","Abnormality of the genitourinary system","small ovary","Yes","Yes","Yes"
"2635","MGI:95583","HGNC:3969","reproductive system phenotype","Ovary","Abnormality of the genitourinary system","abnormal testis size","Yes","Yes","No"
"2636","MGI:95692","HGNC:4224","reproductive system phenotype","Cervix - Ectocervix","Abnormality of the genitourinary system","small ovary","Yes","Yes","No"
"2637","MGI:95692","HGNC:4224","reproductive system phenotype","Prostate","Abnormality of the genitourinary system","small ovary","Yes","Yes","No"
"2638","MGI:95583","HGNC:3969","reproductive system phenotype","Testis","Abnormality of the genitourinary system","abnormal testes secretion","Yes","Yes","Yes"
"2639","MGI:95692","HGNC:4224","reproductive system phenotype","Fallopian Tube","Abnormality of the genitourinary system","abnormal ovary morphology","Yes","Yes","No"
"2640","MGI:95692","HGNC:4224","reproductive system phenotype","Uterus","Abnormality of the genitourinary system","abnormal ovary morphology","Yes","Yes","No"
"2641","MGI:95583","HGNC:3969","reproductive system phenotype","Testis","Abnormality of the genitourinary system","abnormal testis size","Yes","Yes","Yes"
"2642","MGI:95583","HGNC:3969","reproductive system phenotype","Fallopian Tube","Abnormality of the genitourinary system","abnormal testis size","Yes","No","No"
"2643","MGI:95692","HGNC:4224","reproductive system phenotype","Ovary","Abnormality of the genitourinary system","ovary cysts","Yes","Yes","No"
"2644","MGI:95583","HGNC:3969","reproductive system phenotype","Kidney - Cortex","Abnormality of the genitourinary system","abnormal testes secretion","Yes","No","No"
"2645","MGI:95692","HGNC:4224","reproductive system phenotype","Vagina","Abnormality of the genitourinary system","small ovary","Yes","Yes","No"
"2646","MGI:96435","HGNC:5467","respiratory system phenotype","Lung","Abnormality of the respiratory system","pulmonary hyperplasia","Yes","Yes","Yes"
"2647","MGI:96435","HGNC:5467","respiratory system phenotype","Lung","Abnormality of the respiratory system","abnormal lung morphology","Yes","Yes","Yes"
"2648","MGI:96435","HGNC:5467","respiratory system phenotype","Lung","Abnormality of the respiratory system","enlarged lung","Yes","Yes","Yes"
"2649","MGI:95317","HGNC:3327","respiratory system phenotype","Lung","Abnormality of the respiratory system","atelectasis","Yes","Yes","Yes"
"2650","MGI:88467","HGNC:2197","respiratory system phenotype","Lung","Abnormality of the respiratory system","lung inflammation","Yes","Yes","Yes"
"2651","MGI:88467","HGNC:2197","respiratory system phenotype","Lung","Abnormality of the respiratory system","lung hemorrhage","Yes","Yes","Yes"
"2652","MGI:95317","HGNC:3327","respiratory system phenotype","Lung","Abnormality of the respiratory system","emphysema","Yes","Yes","Yes"
"2653","MGI:1915720","HGNC:26019","respiratory system phenotype","Lung","Abnormality of the respiratory system","atelectasis","Yes","Yes","Yes"
"2654","MGI:95523","HGNC:3689","respiratory system phenotype","Lung","Abnormality of the respiratory system","abnormal lung morphology","Yes","Yes","Yes"
"2655","MGI:95523","HGNC:3689","respiratory system phenotype","Lung","Abnormality of the respiratory system","small lung","Yes","Yes","Yes"
"2656","MGI:95294","HGNC:3236","respiratory system phenotype","Lung","Abnormality of the respiratory system","abnormal pulmonary alveolus morphology","Yes","Yes","Yes"
"2657","MGI:95523","HGNC:3689","respiratory system phenotype","Lung","Abnormality of the respiratory system","pulmonary hypoplasia","Yes","Yes","Yes"
"2658","MGI:96432","HGNC:5464","respiratory system phenotype","Lung","Abnormality of the respiratory system","abnormal lung morphology","Yes","Yes","Yes"
"2659","MGI:95294","HGNC:3236","respiratory system phenotype","Lung","Abnormality of the respiratory system","atelectasis","Yes","Yes","Yes"
"2660","MGI:96433","HGNC:5465","respiratory system phenotype","Lung","Abnormality of the respiratory system","atelectasis","Yes","Yes","Yes"
"2661","MGI:1347464","HGNC:3811","respiratory system phenotype","Lung","Abnormality of the respiratory system","abnormal olfactory epithelium morphology","Yes","No","No"
"2662","MGI:95523","HGNC:3689","respiratory system phenotype","Lung","Abnormality of the respiratory system","absent lungs","Yes","Yes","Yes"
"2663","MGI:88468","HGNC:2198","skeleton phenotype","Muscle - Skeletal","Abnormality of the skeletal system","decreased tendon stiffness","Yes","Yes","Yes"
"2664","MGI:88452","HGNC:2200","skeleton phenotype","Muscle - Skeletal","Abnormality of the skeletal system","radius hypoplasia","Yes","No","No"
"2665","MGI:95524","HGNC:3690","skeleton phenotype","Muscle - Skeletal","Abnormality of the skeletal system","short ribs","Yes","Yes","No"
"2666","MGI:88452","HGNC:2200","skeleton phenotype","Muscle - Skeletal","Abnormality of the skeletal system","short humerus","Yes","No","No"
"2667","MGI:88452","HGNC:2200","skeleton phenotype","Muscle - Skeletal","Abnormality of the skeletal system","increased diameter of humerus","Yes","No","No"
"2668","MGI:95524","HGNC:3690","skeleton phenotype","Muscle - Skeletal","Abnormality of the skeletal system","abnormal rib morphology","Yes","Yes","No"
"2669","MGI:88452","HGNC:2200","skeleton phenotype","Muscle - Skeletal","Abnormality of the skeletal system","abnormal skeleton physiology","Yes","No","No"
"2670","MGI:88452","HGNC:2200","skeleton phenotype","Muscle - Skeletal","Abnormality of the skeletal system","absent intervertebral disk","Yes","No","No"
"2671","MGI:88452","HGNC:2200","skeleton phenotype","Muscle - Skeletal","Abnormality of the skeletal system","short radius","Yes","No","No"
"2672","MGI:88452","HGNC:2200","skeleton phenotype","Muscle - Skeletal","Abnormality of the skeletal system","short ulna","Yes","No","No"
"2673","MGI:88452","HGNC:2200","skeleton phenotype","Muscle - Skeletal","Abnormality of the skeletal system","abnormal skeleton morphology","Yes","No","No"
"2674","MGI:88452","HGNC:2200","skeleton phenotype","Muscle - Skeletal","Abnormality of the skeletal system","increased diameter of tibia","Yes","No","No"
"2675","MGI:88452","HGNC:2200","skeleton phenotype","Muscle - Skeletal","Abnormality of the skeletal system","short femur","Yes","No","No"
"2676","MGI:88468","HGNC:2198","skeleton phenotype","Muscle - Skeletal","Abnormality of the skeletal system","abnormal tendon morphology","Yes","Yes","Yes"
"2677","MGI:88452","HGNC:2200","skeleton phenotype","Muscle - Skeletal","Abnormality of the skeletal system","abnormal rib morphology","Yes","No","No"
"2678","MGI:96533","HGNC:5956","skeleton phenotype","Muscle - Skeletal","Abnormality of the skeletal system","short mandible","No","No","No"
"2679","MGI:95524","HGNC:3690","skeleton phenotype","Muscle - Skeletal","Abnormality of the skeletal system","bowed humerus","Yes","Yes","No"
"2680","MGI:88452","HGNC:2200","skeleton phenotype","Muscle - Skeletal","Abnormality of the skeletal system","increased diameter of femur","Yes","No","No"
"2681","MGI:95728","HGNC:4318","skeleton phenotype","Muscle - Skeletal","Abnormality of the skeletal system","small mandible","No","Yes","No"
"2682","MGI:95524","HGNC:3690","skeleton phenotype","Muscle - Skeletal","Abnormality of the skeletal system","abnormal humerus morphology","Yes","Yes","No"
"2683","MGI:88467","HGNC:2197","skeleton phenotype","Muscle - Skeletal","Abnormality of the skeletal system","abnormal femur morphology","Yes","Yes","Yes"
"2684","MGI:88452","HGNC:2200","skeleton phenotype","Muscle - Skeletal","Abnormality of the skeletal system","short tibia","Yes","No","No"
"2685","MGI:87883","HGNC:124","skeleton phenotype","Muscle - Skeletal","Abnormality of the skeletal system","abnormal tibia morphology","Yes","Yes","No"
"2686","MGI:95524","HGNC:3690","skeleton phenotype","Muscle - Skeletal","Abnormality of the skeletal system","short humerus","Yes","Yes","No"
"2687","MGI:88452","HGNC:2200","skeleton phenotype","Muscle - Skeletal","Abnormality of the skeletal system","short ribs","Yes","No","No"
"2688","MGI:88452","HGNC:2200","skeleton phenotype","Muscle - Skeletal","Abnormality of the skeletal system","abnormal ulna morphology","Yes","No","No"
"2689","MGI:88452","HGNC:2200","skeleton phenotype","Muscle - Skeletal","Abnormality of the skeletal system","abnormal cartilage morphology","Yes","No","No"
"2690","MGI:88467","HGNC:2197","skeleton phenotype","Muscle - Skeletal","Abnormality of the skeletal system","thin neurocranium","Yes","Yes","Yes"
"2691","MGI:88452","HGNC:2200","skeleton phenotype","Muscle - Skeletal","Abnormality of the skeletal system","abnormal axial skeleton morphology","Yes","No","No"
"2692","MGI:96533","HGNC:5956","skeleton phenotype","Muscle - Skeletal","Abnormality of the skeletal system","abnormal axial skeleton morphology","Yes","No","No"
"2693","MGI:88452","HGNC:2200","skeleton phenotype","Muscle - Skeletal","Abnormality of the skeletal system","increased diameter of radius","Yes","No","No"
"2694","MGI:95523","HGNC:3689","skeleton phenotype","Muscle - Skeletal","Abnormality of the skeletal system","abnormal neurocranium morphology","Yes","No","No"
"2695","MGI:109172","HGNC:3054","skeleton phenotype","Muscle - Skeletal","Abnormality of the skeletal system","abnormal dentin morphology","Yes","No","No"
"2696","MGI:95556","HGNC:3754","skeleton phenotype","Muscle - Skeletal","Abnormality of the skeletal system","abnormal sternum morphology","Yes","Yes","Yes"
"2697","MGI:95524","HGNC:3690","skeleton phenotype","Muscle - Skeletal","Abnormality of the skeletal system","long humerus","Yes","Yes","No"
"2698","MGI:88452","HGNC:2200","skeleton phenotype","Muscle - Skeletal","Abnormality of the skeletal system","chondrodystrophy","Yes","No","No"
"2699","MGI:109172","HGNC:3054","skeleton phenotype","Muscle - Skeletal","Abnormality of the skeletal system","abnormal predentin morphology","Yes","No","No"
"2700","MGI:95524","HGNC:3690","skeleton phenotype","Muscle - Skeletal","Abnormality of the skeletal system","bowed femur","Yes","Yes","No"
"2701","MGI:88467","HGNC:2197","skeleton phenotype","Muscle - Skeletal","Abnormality of the skeletal system","decreased diameter of femur","Yes","Yes","Yes"
"2702","MGI:1915720","HGNC:26019","skeleton phenotype","Muscle - Skeletal","Abnormality of the skeletal system","short ribs","Yes","Yes","Yes"
"2703","MGI:95524","HGNC:3690","skeleton phenotype","Muscle - Skeletal","Abnormality of the skeletal system","long femur","Yes","Yes","No"
"2704","MGI:95524","HGNC:3690","skeleton phenotype","Muscle - Skeletal","Abnormality of the skeletal system","abnormal femur morphology","Yes","Yes","No"
"2705","MGI:95524","HGNC:3690","skeleton phenotype","Muscle - Skeletal","Abnormality of the skeletal system","increased diameter of femur","Yes","Yes","No"
"2706","MGI:88467","HGNC:2197","skeleton phenotype","Muscle - Skeletal","Abnormality of the skeletal system","abnormal humerus morphology","Yes","Yes","Yes"
"2707","MGI:88467","HGNC:2197","skeleton phenotype","Muscle - Skeletal","Abnormality of the skeletal system","short femur","Yes","Yes","Yes"
"2708","MGI:88467","HGNC:2197","skeleton phenotype","Muscle - Skeletal","Abnormality of the skeletal system","decreased tendon stiffness","Yes","Yes","Yes"
"2709","MGI:88467","HGNC:2197","skeleton phenotype","Muscle - Skeletal","Abnormality of the skeletal system","abnormal neurocranium morphology","Yes","Yes","Yes"
"2710","MGI:88467","HGNC:2197","skeleton phenotype","Muscle - Skeletal","Abnormality of the skeletal system","thick neurocranium","Yes","Yes","Yes"
"2711","MGI:95524","HGNC:3690","skeleton phenotype","Muscle - Skeletal","Abnormality of the skeletal system","abnormal axial skeleton morphology","No","Yes","No"
"2712","MGI:96533","HGNC:5956","skeleton phenotype","Muscle - Skeletal","Abnormality of the skeletal system","chondrodystrophy","Yes","No","No"
"2713","MGI:95524","HGNC:3690","skeleton phenotype","Muscle - Skeletal","Abnormality of the skeletal system","short femur","Yes","Yes","No"
"2714","MGI:88452","HGNC:2200","skeleton phenotype","Muscle - Skeletal","Abnormality of the skeletal system","increased diameter of ulna","Yes","No","No"
"2715","MGI:1347464","HGNC:3811","taste/olfaction phenotype","Esophagus - Gastroesophageal Junction","Abnormality of the nervous system","abnormal olfactory epithelium morphology","Yes","Yes","No"
"2716","MGI:1347464","HGNC:3811","taste/olfaction phenotype","Esophagus - Gastroesophageal Junction","Abnormality of the digestive system","abnormal olfactory epithelium morphology","Yes","Yes","No"
"2717","MGI:1347464","HGNC:3811","taste/olfaction phenotype","Brain - Cerebellar Hemisphere","Abnormality of the nervous system","abnormal olfactory epithelium morphology","Yes","No","No"
"2718","MGI:1347464","HGNC:3811","taste/olfaction phenotype","Brain - Cerebellar Hemisphere","Abnormality of the digestive system","abnormal olfactory epithelium morphology","Yes","No","No"
"2719","MGI:1347464","HGNC:3811","taste/olfaction phenotype","Brain - Nucleus accumbens (basal ganglia)","Abnormality of the nervous system","abnormal olfactory epithelium morphology","Yes","Yes","Yes"
"2720","MGI:1347464","HGNC:3811","taste/olfaction phenotype","Brain - Nucleus accumbens (basal ganglia)","Abnormality of the digestive system","abnormal olfactory epithelium morphology","Yes","Yes","Yes"
"2721","MGI:1347464","HGNC:3811","taste/olfaction phenotype","Brain - Hypothalamus","Abnormality of the nervous system","abnormal olfactory epithelium morphology","Yes","Yes","No"
"2722","MGI:1347464","HGNC:3811","taste/olfaction phenotype","Brain - Hypothalamus","Abnormality of the digestive system","abnormal olfactory epithelium morphology","Yes","Yes","No"
"2723","MGI:1347464","HGNC:3811","taste/olfaction phenotype","Esophagus - Mucosa","Abnormality of the nervous system","abnormal olfactory epithelium morphology","Yes","Yes","No"
"2724","MGI:1347464","HGNC:3811","taste/olfaction phenotype","Esophagus - Mucosa","Abnormality of the digestive system","abnormal olfactory epithelium morphology","Yes","Yes","No"
"2725","MGI:1347464","HGNC:3811","taste/olfaction phenotype","Esophagus - Muscularis","Abnormality of the nervous system","abnormal olfactory epithelium morphology","Yes","Yes","Yes"
"2726","MGI:1347464","HGNC:3811","taste/olfaction phenotype","Esophagus - Muscularis","Abnormality of the digestive system","abnormal olfactory epithelium morphology","Yes","Yes","Yes"
"2727","MGI:1347464","HGNC:3811","taste/olfaction phenotype","Brain - Hippocampus","Abnormality of the nervous system","abnormal olfactory epithelium morphology","Yes","Yes","Yes"
"2728","MGI:1347464","HGNC:3811","taste/olfaction phenotype","Brain - Hippocampus","Abnormality of the digestive system","abnormal olfactory epithelium morphology","Yes","Yes","Yes"
"2729","MGI:1347464","HGNC:3811","taste/olfaction phenotype","Brain - Cortex","Abnormality of the nervous system","abnormal olfactory epithelium morphology","Yes","Yes","Yes"
"2730","MGI:1347464","HGNC:3811","taste/olfaction phenotype","Brain - Cortex","Abnormality of the digestive system","abnormal olfactory epithelium morphology","Yes","Yes","Yes"
"2731","MGI:1347464","HGNC:3811","taste/olfaction phenotype","Brain - Frontal Cortex (BA9)","Abnormality of the nervous system","abnormal olfactory epithelium morphology","Yes","Yes","Yes"
"2732","MGI:1347464","HGNC:3811","taste/olfaction phenotype","Brain - Frontal Cortex (BA9)","Abnormality of the digestive system","abnormal olfactory epithelium morphology","Yes","Yes","Yes"
"2733","MGI:1347464","HGNC:3811","taste/olfaction phenotype","Colon - Sigmoid","Abnormality of the nervous system","abnormal olfactory epithelium morphology","Yes","No","No"
"2734","MGI:1347464","HGNC:3811","taste/olfaction phenotype","Colon - Sigmoid","Abnormality of the digestive system","abnormal olfactory epithelium morphology","Yes","No","No"
"2735","MGI:1347464","HGNC:3811","taste/olfaction phenotype","Stomach","Abnormality of the nervous system","abnormal olfactory epithelium morphology","Yes","No","No"
"2736","MGI:1347464","HGNC:3811","taste/olfaction phenotype","Stomach","Abnormality of the digestive system","abnormal olfactory epithelium morphology","Yes","No","No"
"2737","MGI:1347464","HGNC:3811","taste/olfaction phenotype","Brain - Amygdala","Abnormality of the nervous system","abnormal olfactory epithelium morphology","Yes","Yes","Yes"
"2738","MGI:1347464","HGNC:3811","taste/olfaction phenotype","Brain - Amygdala","Abnormality of the digestive system","abnormal olfactory epithelium morphology","Yes","Yes","Yes"
"2739","MGI:1347464","HGNC:3811","taste/olfaction phenotype","Brain - Cerebellum","Abnormality of the nervous system","abnormal olfactory epithelium morphology","Yes","No","No"
"2740","MGI:1347464","HGNC:3811","taste/olfaction phenotype","Brain - Cerebellum","Abnormality of the digestive system","abnormal olfactory epithelium morphology","Yes","No","No"
"2741","MGI:1347464","HGNC:3811","taste/olfaction phenotype","Colon - Transverse","Abnormality of the nervous system","abnormal olfactory epithelium morphology","Yes","No","No"
"2742","MGI:1347464","HGNC:3811","taste/olfaction phenotype","Colon - Transverse","Abnormality of the digestive system","abnormal olfactory epithelium morphology","Yes","No","No"
"2743","MGI:1347464","HGNC:3811","taste/olfaction phenotype","Brain - Spinal cord (cervical c-1)","Abnormality of the nervous system","abnormal olfactory epithelium morphology","Yes","No","No"
"2744","MGI:1347464","HGNC:3811","taste/olfaction phenotype","Brain - Spinal cord (cervical c-1)","Abnormality of the digestive system","abnormal olfactory epithelium morphology","Yes","No","No"
"2745","MGI:1347464","HGNC:3811","taste/olfaction phenotype","Brain - Putamen (basal ganglia)","Abnormality of the nervous system","abnormal olfactory epithelium morphology","Yes","Yes","Yes"
"2746","MGI:1347464","HGNC:3811","taste/olfaction phenotype","Brain - Putamen (basal ganglia)","Abnormality of the digestive system","abnormal olfactory epithelium morphology","Yes","Yes","Yes"
"2747","MGI:1347464","HGNC:3811","taste/olfaction phenotype","Pituitary","Abnormality of the nervous system","abnormal olfactory epithelium morphology","Yes","Yes","Yes"
"2748","MGI:1347464","HGNC:3811","taste/olfaction phenotype","Pituitary","Abnormality of the digestive system","abnormal olfactory epithelium morphology","Yes","Yes","Yes"
"2749","MGI:1347464","HGNC:3811","taste/olfaction phenotype","Liver","Abnormality of the nervous system","abnormal olfactory epithelium morphology","Yes","No","No"
"2750","MGI:1347464","HGNC:3811","taste/olfaction phenotype","Liver","Abnormality of the digestive system","abnormal olfactory epithelium morphology","Yes","No","No"
"2751","MGI:1347464","HGNC:3811","taste/olfaction phenotype","Brain - Anterior cingulate cortex (BA24)","Abnormality of the nervous system","abnormal olfactory epithelium morphology","Yes","Yes","Yes"
"2752","MGI:1347464","HGNC:3811","taste/olfaction phenotype","Brain - Anterior cingulate cortex (BA24)","Abnormality of the digestive system","abnormal olfactory epithelium morphology","Yes","Yes","Yes"
"2753","MGI:1347464","HGNC:3811","taste/olfaction phenotype","Spleen","Abnormality of the nervous system","abnormal olfactory epithelium morphology","Yes","No","No"
"2754","MGI:1347464","HGNC:3811","taste/olfaction phenotype","Spleen","Abnormality of the digestive system","abnormal olfactory epithelium morphology","Yes","No","No"
"2755","MGI:1347464","HGNC:3811","taste/olfaction phenotype","Small Intestine - Terminal Ileum","Abnormality of the nervous system","abnormal olfactory epithelium morphology","Yes","No","No"
"2756","MGI:1347464","HGNC:3811","taste/olfaction phenotype","Small Intestine - Terminal Ileum","Abnormality of the digestive system","abnormal olfactory epithelium morphology","Yes","No","No"
"2757","MGI:1347464","HGNC:3811","taste/olfaction phenotype","Pancreas","Abnormality of the nervous system","abnormal olfactory epithelium morphology","Yes","No","No"
"2758","MGI:1347464","HGNC:3811","taste/olfaction phenotype","Pancreas","Abnormality of the digestive system","abnormal olfactory epithelium morphology","Yes","No","No"
"2759","MGI:1347464","HGNC:3811","taste/olfaction phenotype","Brain - Substantia nigra","Abnormality of the nervous system","abnormal olfactory epithelium morphology","Yes","Yes","No"
"2760","MGI:1347464","HGNC:3811","taste/olfaction phenotype","Brain - Substantia nigra","Abnormality of the digestive system","abnormal olfactory epithelium morphology","Yes","Yes","No"
"2761","MGI:1347464","HGNC:3811","taste/olfaction phenotype","Nerve - Tibial","Abnormality of the nervous system","abnormal olfactory epithelium morphology","Yes","No","No"
"2762","MGI:1347464","HGNC:3811","taste/olfaction phenotype","Nerve - Tibial","Abnormality of the digestive system","abnormal olfactory epithelium morphology","Yes","No","No"
"2763","MGI:1347464","HGNC:3811","taste/olfaction phenotype","Brain - Caudate (basal ganglia)","Abnormality of the nervous system","abnormal olfactory epithelium morphology","Yes","Yes","Yes"
"2764","MGI:1347464","HGNC:3811","taste/olfaction phenotype","Brain - Caudate (basal ganglia)","Abnormality of the digestive system","abnormal olfactory epithelium morphology","Yes","Yes","Yes"
